crossing time (s)	slope (V/s)	crossing number
118293665000000.000000	-38.814739	94	0.000000
119331904000000.000000	-44.616154	95	0.000000
120365802000000.000000	-52.499447	96	0.000000
121410897000000.000000	-41.866150	97	0.000000
122439176000000.000000	-71.472160	98	0.000000
123485547000000.000000	-42.171070	99	0.000000
124515697000000.000000	-56.784821	100	0.000000
125555039000000.000000	-108.863274	101	0.000000
126593716000000.000000	-56.842964	102	0.000000
127629645000000.000000	-54.189941	103	0.000000
128668505000000.000000	-51.299938	104	0.000000
129705662000000.000000	-42.541336	105	0.000000
130741793000000.000000	-36.225746	106	0.000000
131781046000000.000000	-37.985092	107	0.000000
132814602000000.000000	-41.042152	108	0.000000
133857001000000.000000	-57.229034	109	0.000000
134889154000000.000000	-52.121086	110	0.000000
135932035000000.000000	-53.719353	111	0.000000
136964248000000.000000	-50.644661	112	0.000000
138007290000000.000000	-54.911739	113	0.000000
139039001000000.000000	-53.742443	114	0.000000
140081124000000.000000	-56.132587	115	0.000000
141113349000000.000000	-84.833839	116	0.000000
142155487000000.000000	-41.864452	117	0.000000
143189354000000.000000	-55.838722	118	0.000000
144229087000000.000000	-55.544094	119	0.000000
145265413000000.000000	-35.772896	120	0.000000
146301734000000.000000	-55.386318	121	0.000000
147341150000000.000000	-52.141285	122	0.000000
148376618000000.000000	-41.328545	123	0.000000
149415282000000.000000	-53.628143	124	0.000000
150453247000000.000000	-72.055313	125	0.000000
151487346000000.000000	-58.391132	126	0.000000
152529622000000.000000	-83.400688	127	0.000000
153561354000000.000000	-52.059307	128	0.000000
154603581000000.000000	-53.668274	129	0.000000
155638649000000.000000	-39.611370	130	0.000000
156675648000000.000000	-58.132278	131	0.000000
157715084000000.000000	-41.106968	132	0.000000
158750213000000.000000	-70.712883	133	0.000000
159787139000000.000000	-58.798138	134	0.000000
160827471000000.000000	-52.100475	135	0.000000
161860021000000.000000	-46.438175	136	0.000000
162902958000000.000000	-51.058777	137	0.000000
163936118000000.000000	-68.343971	138	0.000000
164974808000000.000000	-36.165371	139	0.000000
166012884000000.000000	-50.328762	140	0.000000
167048068000000.000000	-52.244347	141	0.000000
168087348000000.000000	-80.823250	142	0.000000
169124363000000.000000	-52.214661	143	0.000000
170160065000000.000000	-52.246525	144	0.000000
171200869000000.000000	-58.213219	145	0.000000
172233082000000.000000	-51.869110	146	0.000000
173276202000000.000000	-50.656136	147	0.000000
174307354000000.000000	-50.688656	148	0.000000
175350517000000.000000	-70.200417	149	0.000000
176382760000000.000000	-54.150700	150	0.000000
177424196000000.000000	-41.606434	151	0.000000
178457900000000.000000	-50.705811	152	0.000000
179498581000000.000000	-40.668350	153	0.000000
180533245000000.000000	-50.394470	154	0.000000
181572939000000.000000	-51.829891	155	0.000000
182607537000000.000000	-33.996140	156	0.000000
183647912000000.000000	-40.493919	157	0.000000
184681670000000.000000	-67.440460	158	0.000000
185722740000000.000000	-52.529854	159	0.000000
186755290000000.000000	-78.130455	160	0.000000
187798487000000.000000	-49.789280	161	0.000000
188829525000000.000000	-50.101093	162	0.000000
189873254000000.000000	-52.046993	163	0.000000
190904524000000.000000	-56.939457	164	0.000000
191946773000000.000000	-57.469051	165	0.000000
192980572000000.000000	-51.247868	166	0.000000
194019092000000.000000	-51.019848	167	0.000000
195057342000000.000000	-39.016891	168	0.000000
196092606000000.000000	-39.310608	169	0.000000
197132271000000.000000	-49.889347	170	0.000000
198168299000000.000000	-58.000507	171	0.000000
199204420000000.000000	-42.211185	172	0.000000
200244966000000.000000	-39.654671	173	0.000000
201276917000000.000000	-49.779518	174	0.000000
202320915000000.000000	-49.460682	175	0.000000
203352110000000.000000	-38.812664	176	0.000000
204393680000000.000000	-49.091476	177	0.000000
205428947000000.000000	-49.387424	178	0.000000
206465819000000.000000	-38.733879	179	0.000000
207505185000000.000000	-50.339077	180	0.000000
208540288000000.000000	-50.620914	181	0.000000
209578903000000.000000	-47.835018	182	0.000000
210616109000000.000000	-56.936069	183	0.000000
211651543000000.000000	-49.770638	184	0.000000
212692233000000.000000	-51.560364	185	0.000000
213724649000000.000000	-49.622292	186	0.000000
214767805000000.000000	-39.634613	187	0.000000
215799112000000.000000	-49.663727	188	0.000000
216842299000000.000000	-68.178894	189	0.000000
217874332000000.000000	-67.002975	190	0.000000
218916233000000.000000	-50.444080	191	0.000000
219949308000000.000000	-32.892525	192	0.000000
220990247000000.000000	-48.564129	193	0.000000
222024513000000.000000	-49.894646	194	0.000000
223064241000000.000000	-41.754601	195	0.000000
224099194000000.000000	-38.560917	196	0.000000
225138931000000.000000	-76.643211	197	0.000000
226173926000000.000000	-66.052818	198	0.000000
227213713000000.000000	-49.756683	199	0.000000
228247975000000.000000	-38.244694	200	0.000000
229288845000000.000000	-38.311493	201	0.000000
230321818000000.000000	-54.558308	202	0.000000
231364047000000.000000	-66.082222	203	0.000000
232396012000000.000000	-41.400787	204	0.000000
233438990000000.000000	-38.081169	205	0.000000
234469975000000.000000	-75.237244	206	0.000000
235513457000000.000000	-49.430786	207	0.000000
236545177000000.000000	-40.404785	208	0.000000
237586735000000.000000	-76.892776	209	0.000000
238621305000000.000000	-37.453442	210	0.000000
239659625000000.000000	-47.038429	211	0.000000
240697484000000.000000	-48.063637	212	0.000000
241733033000000.000000	-38.145485	213	0.000000
242772689000000.000000	-40.286682	214	0.000000
243807435000000.000000	-53.699543	215	0.000000
244845787000000.000000	-65.594841	216	0.000000
245883634000000.000000	-48.481010	217	0.000000
246918494000000.000000	-48.170067	218	0.000000
247960372000000.000000	-54.709843	219	0.000000
248991727000000.000000	-37.637756	220	0.000000
250035223000000.000000	-47.354820	221	0.000000
251066408000000.000000	-36.957352	222	0.000000
252108293000000.000000	-48.770298	223	0.000000
253142643000000.000000	-63.081543	224	0.000000
254181152000000.000000	-48.718967	225	0.000000
255218866000000.000000	-52.874477	226	0.000000
256254591000000.000000	-48.482407	227	0.000000
257293972000000.000000	-63.578362	228	0.000000
258328531000000.000000	-53.855152	229	0.000000
259368290000000.000000	-39.561508	230	0.000000
260403306000000.000000	-47.439697	231	0.000000
261442187000000.000000	-47.615322	232	0.000000
262478312000000.000000	-64.725739	233	0.000000
263516104000000.000000	-47.747375	234	0.000000
264553597000000.000000	-41.714245	235	0.000000
265590024000000.000000	-47.613670	236	0.000000
266628326000000.000000	-74.083626	237	0.000000
267664205000000.000000	-64.241844	238	0.000000
268702781000000.000000	-39.357136	239	0.000000
269738911000000.000000	-36.574989	240	0.000000
270777105000000.000000	-47.287300	241	0.000000
271813686000000.000000	-63.162823	242	0.000000
272851010000000.000000	-46.183365	243	0.000000
273888767000000.000000	-39.330833	244	0.000000
274924650000000.000000	-47.167122	245	0.000000
275963729000000.000000	-46.591534	246	0.000000
276998669000000.000000	-52.613907	247	0.000000
278038774000000.000000	-46.405739	248	0.000000
279073159000000.000000	-63.108547	249	0.000000
280112801000000.000000	-46.594715	250	0.000000
281148480000000.000000	-37.079632	251	0.000000
281474976710655.000000	-44.033180	252	0.000000
281474976710655.000000	-39.343914	253	0.000000
281474976710655.000000	-44.526039	254	0.000000
281474976710655.000000	-47.021984	255	0.000000
281474976710655.000000	-38.505066	256	0.000000
281474976710655.000000	-44.237343	257	0.000000
281474976710655.000000	-45.537971	258	0.000000
281474976710655.000000	-38.825436	259	0.000000
281474976710655.000000	-62.216274	260	0.000000
281474976710655.000000	-44.099472	261	0.000000
281474976710655.000000	-40.156677	262	0.000000
281474976710655.000000	-38.452389	263	0.000000
281474976710655.000000	-45.672386	264	0.000000
281474976710655.000000	-44.013283	265	0.000000
281474976710655.000000	-70.660500	266	0.000000
281474976710655.000000	-56.546028	267	0.000000
281474976710655.000000	-34.909821	268	0.000000
281474976710655.000000	-45.958042	269	0.000000
281474976710655.000000	-45.115181	270	0.000000
281474976710655.000000	-48.571991	271	0.000000
281474976710655.000000	-50.035789	272	0.000000
281474976710655.000000	-42.076088	273	0.000000
281474976710655.000000	-44.278236	274	0.000000
281474976710655.000000	-35.249424	275	0.000000
281474976710655.000000	-34.634090	276	0.000000
281474976710655.000000	-38.242645	277	0.000000
281474976710655.000000	-37.174248	278	0.000000
281474976710655.000000	-37.535938	279	0.000000
281474976710655.000000	-41.015366	280	0.000000
281474976710655.000000	-35.700115	281	0.000000
281474976710655.000000	-40.115536	282	0.000000
281474976710655.000000	-61.306126	283	0.000000
281474976710655.000000	-43.138271	284	0.000000
281474976710655.000000	-49.718685	285	0.000000
281474976710655.000000	-44.337467	286	0.000000
281474976710655.000000	-37.283016	287	0.000000
281474976710655.000000	-49.167622	288	0.000000
281474976710655.000000	-36.301933	289	0.000000
281474976710655.000000	-57.936249	290	0.000000
281474976710655.000000	-34.553333	291	0.000000
281474976710655.000000	-41.898800	292	0.000000
281474976710655.000000	-43.765850	293	0.000000
281474976710655.000000	-44.479603	294	0.000000
281474976710655.000000	-45.624462	295	0.000000
281474976710655.000000	-53.924408	296	0.000000
281474976710655.000000	-48.829617	297	0.000000
281474976710655.000000	-35.566940	298	0.000000
281474976710655.000000	-36.440453	299	0.000000
281474976710655.000000	-43.733459	300	0.000000
281474976710655.000000	-43.637306	301	0.000000
281474976710655.000000	-36.418652	302	0.000000
281474976710655.000000	-42.986534	303	0.000000
281474976710655.000000	-53.216759	304	0.000000
281474976710655.000000	-38.095417	305	0.000000
281474976710655.000000	-40.893555	306	0.000000
281474976710655.000000	-47.877735	307	0.000000
281474976710655.000000	-36.172012	308	0.000000
281474976710655.000000	-36.154583	309	0.000000
281474976710655.000000	-44.700577	310	0.000000
281474976710655.000000	-41.177513	311	0.000000
281474976710655.000000	-42.369663	312	0.000000
281474976710655.000000	-35.729172	313	0.000000
281474976710655.000000	-52.917908	314	0.000000
281474976710655.000000	-56.981899	315	0.000000
281474976710655.000000	-47.149952	316	0.000000
281474976710655.000000	-40.293301	317	0.000000
281474976710655.000000	-66.588684	318	0.000000
281474976710655.000000	-40.314228	319	0.000000
281474976710655.000000	-37.261326	320	0.000000
281474976710655.000000	-35.249714	321	0.000000
281474976710655.000000	-56.260124	322	0.000000
281474976710655.000000	-40.424667	323	0.000000
281474976710655.000000	-43.046165	324	0.000000
281474976710655.000000	-33.549450	325	0.000000
281474976710655.000000	-44.023006	326	0.000000
281474976710655.000000	-39.701912	327	0.000000
281474976710655.000000	-46.391499	328	0.000000
281474976710655.000000	-40.599709	329	0.000000
281474976710655.000000	-49.563858	330	0.000000
281474976710655.000000	-39.450684	331	0.000000
281474976710655.000000	-41.712864	332	0.000000
281474976710655.000000	-39.873867	333	0.000000
281474976710655.000000	-41.758125	334	0.000000
281474976710655.000000	-55.024338	335	0.000000
281474976710655.000000	-42.575027	336	0.000000
281474976710655.000000	-42.198593	337	0.000000
281474976710655.000000	-43.710804	338	0.000000
281474976710655.000000	-44.395676	339	0.000000
281474976710655.000000	-34.189030	340	0.000000
281474976710655.000000	-44.133625	341	0.000000
281474976710655.000000	-34.735302	342	0.000000
281474976710655.000000	-39.569519	343	0.000000
281474976710655.000000	-40.800755	344	0.000000
281474976710655.000000	-50.847950	345	0.000000
281474976710655.000000	-50.167103	346	0.000000
281474976710655.000000	-40.677464	347	0.000000
281474976710655.000000	-33.996452	348	0.000000
281474976710655.000000	-34.028072	349	0.000000
281474976710655.000000	-40.384548	350	0.000000
281474976710655.000000	-39.852154	351	0.000000
281474976710655.000000	-39.228119	352	0.000000
281474976710655.000000	-35.374840	353	0.000000
281474976710655.000000	-40.674580	354	0.000000
281474976710655.000000	-33.594296	355	0.000000
281474976710655.000000	-44.628319	356	0.000000
281474976710655.000000	-40.263931	357	0.000000
281474976710655.000000	-33.945061	358	0.000000
281474976710655.000000	-46.461063	359	0.000000
281474976710655.000000	-33.618134	360	0.000000
281474976710655.000000	-42.699398	361	0.000000
281474976710655.000000	-40.265022	362	0.000000
281474976710655.000000	-37.257637	363	0.000000
281474976710655.000000	-33.327908	364	0.000000
281474976710655.000000	-48.353073	365	0.000000
281474976710655.000000	-40.978977	366	0.000000
281474976710655.000000	-30.964260	367	0.000000
281474976710655.000000	-33.194939	368	0.000000
281474976710655.000000	-38.752365	369	0.000000
281474976710655.000000	-39.718624	370	0.000000
281474976710655.000000	-42.536392	371	0.000000
281474976710655.000000	-39.321625	372	0.000000
281474976710655.000000	-32.489162	373	0.000000
281474976710655.000000	-38.739441	374	0.000000
281474976710655.000000	-45.659393	375	0.000000
281474976710655.000000	-39.063004	376	0.000000
281474976710655.000000	-52.420700	377	0.000000
281474976710655.000000	-34.536793	378	0.000000
281474976710655.000000	-37.171322	379	0.000000
281474976710655.000000	-39.204643	380	0.000000
281474976710655.000000	-38.388680	381	0.000000
281474976710655.000000	-30.488913	382	0.000000
281474976710655.000000	-30.936497	383	0.000000
281474976710655.000000	-33.436657	384	0.000000
281474976710655.000000	-33.442009	385	0.000000
281474976710655.000000	-45.479240	386	0.000000
281474976710655.000000	-37.386757	387	0.000000
281474976710655.000000	-48.041519	388	0.000000
281474976710655.000000	-37.333878	389	0.000000
281474976710655.000000	-38.347416	390	0.000000
281474976710655.000000	-36.049137	391	0.000000
281474976710655.000000	-36.294651	392	0.000000
281474976710655.000000	-40.470474	393	0.000000
281474976710655.000000	-38.909752	394	0.000000
281474976710655.000000	-35.974628	395	0.000000
281474976710655.000000	-47.086582	396	0.000000
281474976710655.000000	-45.224728	397	0.000000
281474976710655.000000	-41.868271	398	0.000000
281474976710655.000000	-43.149612	399	0.000000
281474976710655.000000	-51.130875	400	0.000000
281474976710655.000000	-35.345200	401	0.000000
281474976710655.000000	-31.108723	402	0.000000
281474976710655.000000	-46.024170	403	0.000000
281474976710655.000000	-33.705303	404	0.000000
281474976710655.000000	-30.419533	405	0.000000
281474976710655.000000	-38.699932	406	0.000000
281474976710655.000000	-30.451122	407	0.000000
281474976710655.000000	-32.662098	408	0.000000
281474976710655.000000	-32.613113	409	0.000000
281474976710655.000000	-35.716225	410	0.000000
281474976710655.000000	-33.048428	411	0.000000
281474976710655.000000	-32.373970	412	0.000000
281474976710655.000000	-32.440388	413	0.000000
281474976710655.000000	-32.557396	414	0.000000
281474976710655.000000	-35.294582	415	0.000000
281474976710655.000000	-36.511902	416	0.000000
281474976710655.000000	-38.274944	417	0.000000
281474976710655.000000	-31.722980	418	0.000000
281474976710655.000000	-44.768200	419	0.000000
281474976710655.000000	-31.911207	420	0.000000
281474976710655.000000	-41.673641	421	0.000000
281474976710655.000000	-39.285755	422	0.000000
281474976710655.000000	-42.111073	423	0.000000
281474976710655.000000	-34.442917	424	0.000000
281474976710655.000000	-31.379662	425	0.000000
281474976710655.000000	-37.067989	426	0.000000
281474976710655.000000	-35.640106	427	0.000000
281474976710655.000000	-34.287724	428	0.000000
281474976710655.000000	-35.048870	429	0.000000
281474976710655.000000	-36.170628	430	0.000000
281474976710655.000000	-35.110050	431	0.000000
281474976710655.000000	-36.910046	432	0.000000
281474976710655.000000	-41.055443	433	0.000000
281474976710655.000000	-37.120625	434	0.000000
281474976710655.000000	-34.048397	435	0.000000
281474976710655.000000	-35.849388	436	0.000000
281474976710655.000000	-30.548870	437	0.000000
281474976710655.000000	-33.793743	438	0.000000
281474976710655.000000	-29.311970	439	0.000000
281474976710655.000000	-36.494251	440	0.000000
281474976710655.000000	-32.545231	441	0.000000
281474976710655.000000	-33.566284	442	0.000000
281474976710655.000000	-29.277575	443	0.000000
281474976710655.000000	-34.787380	444	0.000000
281474976710655.000000	-38.832680	445	0.000000
281474976710655.000000	-29.282442	446	0.000000
281474976710655.000000	-34.239220	447	0.000000
281474976710655.000000	-40.615067	448	0.000000
281474976710655.000000	-35.723057	449	0.000000
281474976710655.000000	-35.864162	450	0.000000
281474976710655.000000	-36.068607	451	0.000000
281474976710655.000000	-32.724514	452	0.000000
281474976710655.000000	-30.223757	453	0.000000
281474976710655.000000	-28.985750	454	0.000000
281474976710655.000000	-35.293709	455	0.000000
281474976710655.000000	-33.091206	456	0.000000
281474976710655.000000	-34.668564	457	0.000000
281474976710655.000000	-33.505600	458	0.000000
281474976710655.000000	-33.700794	459	0.000000
281474976710655.000000	-37.128712	460	0.000000
281474976710655.000000	-29.046907	461	0.000000
281474976710655.000000	-38.212765	462	0.000000
281474976710655.000000	-36.000156	463	0.000000
281474976710655.000000	-37.410454	464	0.000000
281474976710655.000000	-35.833107	465	0.000000
281474976710655.000000	-34.170650	466	0.000000
281474976710655.000000	-32.818123	467	0.000000
281474976710655.000000	-30.821766	468	0.000000
281474976710655.000000	-27.985273	469	0.000000
281474976710655.000000	-28.452469	470	0.000000
281474976710655.000000	-34.270100	471	0.000000
281474976710655.000000	-37.372742	472	0.000000
281474976710655.000000	-33.054447	473	0.000000
281474976710655.000000	-29.899454	474	0.000000
281474976710655.000000	-30.545374	475	0.000000
281474976710655.000000	-31.729944	476	0.000000
281474976710655.000000	-35.542648	477	0.000000
281474976710655.000000	-30.070726	478	0.000000
281474976710655.000000	-31.702753	479	0.000000
281474976710655.000000	-29.322462	480	0.000000
281474976710655.000000	-33.896847	481	0.000000
281474976710655.000000	-33.037846	482	0.000000
281474976710655.000000	-33.370705	483	0.000000
281474976710655.000000	-31.634514	484	0.000000
281474976710655.000000	-33.959305	485	0.000000
281474976710655.000000	-30.767099	486	0.000000
281474976710655.000000	-29.897621	487	0.000000
281474976710655.000000	-31.206516	488	0.000000
281474976710655.000000	-28.923027	489	0.000000
281474976710655.000000	-33.483543	490	0.000000
281474976710655.000000	-28.602905	491	0.000000
281474976710655.000000	-34.025887	492	0.000000
281474976710655.000000	-35.353817	493	0.000000
281474976710655.000000	-29.757700	494	0.000000
281474976710655.000000	-37.191101	495	0.000000
281474976710655.000000	-32.629559	496	0.000000
281474976710655.000000	-28.190573	497	0.000000
281474976710655.000000	-33.720222	498	0.000000
281474976710655.000000	-31.811852	499	0.000000
281474976710655.000000	-34.409283	500	0.000000
281474976710655.000000	-37.864204	501	0.000000
281474976710655.000000	-32.645252	502	0.000000
281474976710655.000000	-31.918884	503	0.000000
281474976710655.000000	-29.140989	504	0.000000
281474976710655.000000	-31.922338	505	0.000000
281474976710655.000000	-39.261917	506	0.000000
281474976710655.000000	-33.524132	507	0.000000
281474976710655.000000	-33.654976	508	0.000000
281474976710655.000000	-32.862080	509	0.000000
281474976710655.000000	-26.889868	510	0.000000
281474976710655.000000	-33.065113	511	0.000000
281474976710655.000000	-33.133141	512	0.000000
281474976710655.000000	-32.852787	513	0.000000
281474976710655.000000	-33.252541	514	0.000000
281474976710655.000000	-28.973045	515	0.000000
281474976710655.000000	-30.384523	516	0.000000
281474976710655.000000	-26.960775	517	0.000000
281474976710655.000000	-27.417320	518	0.000000
281474976710655.000000	-28.690371	519	0.000000
281474976710655.000000	-29.752720	520	0.000000
281474976710655.000000	-32.335079	521	0.000000
281474976710655.000000	-34.795471	522	0.000000
281474976710655.000000	-31.293831	523	0.000000
281474976710655.000000	-32.601673	524	0.000000
281474976710655.000000	-29.080858	525	0.000000
281474976710655.000000	-32.480354	526	0.000000
281474976710655.000000	-26.569889	527	0.000000
281474976710655.000000	-34.491936	528	0.000000
281474976710655.000000	-27.667269	529	0.000000
281474976710655.000000	-31.729973	530	0.000000
281474976710655.000000	-31.577862	531	0.000000
281474976710655.000000	-30.057178	532	0.000000
281474976710655.000000	-29.930153	533	0.000000
281474976710655.000000	-28.080673	534	0.000000
281474976710655.000000	-30.126904	535	0.000000
281474976710655.000000	-31.211555	536	0.000000
281474976710655.000000	-34.425995	537	0.000000
281474976710655.000000	-31.152313	538	0.000000
281474976710655.000000	-30.092886	539	0.000000
281474976710655.000000	-36.078854	540	0.000000
281474976710655.000000	-33.179253	541	0.000000
281474976710655.000000	-32.204834	542	0.000000
281474976710655.000000	-29.289595	543	0.000000
281474976710655.000000	-30.462769	544	0.000000
281474976710655.000000	-31.041416	545	0.000000
281474976710655.000000	-27.169771	546	0.000000
281474976710655.000000	-30.363785	547	0.000000
281474976710655.000000	-32.575272	548	0.000000
281474976710655.000000	-32.752239	549	0.000000
281474976710655.000000	-30.439823	550	0.000000
281474976710655.000000	-34.139320	551	0.000000
281474976710655.000000	-28.551977	552	0.000000
281474976710655.000000	-30.737936	553	0.000000
281474976710655.000000	-28.018093	554	0.000000
281474976710655.000000	-25.447962	555	0.000000
281474976710655.000000	-32.883957	556	0.000000
281474976710655.000000	-33.443520	557	0.000000
281474976710655.000000	-34.636387	558	0.000000
281474976710655.000000	-27.346191	559	0.000000
281474976710655.000000	-30.473227	560	0.000000
281474976710655.000000	-30.230764	561	0.000000
281474976710655.000000	-28.294600	562	0.000000
281474976710655.000000	-25.852732	563	0.000000
281474976710655.000000	-34.934330	564	0.000000
281474976710655.000000	-29.779057	565	0.000000
281474976710655.000000	-26.491858	566	0.000000
281474976710655.000000	-29.850922	567	0.000000
281474976710655.000000	-30.825800	568	0.000000
281474976710655.000000	-28.036646	569	0.000000
281474976710655.000000	-26.327559	570	0.000000
281474976710655.000000	-29.641989	571	0.000000
281474976710655.000000	-33.526146	572	0.000000
281474976710655.000000	-25.330326	573	0.000000
281474976710655.000000	-29.409344	574	0.000000
281474976710655.000000	-29.204611	575	0.000000
281474976710655.000000	-28.173132	576	0.000000
281474976710655.000000	-27.262512	577	0.000000
281474976710655.000000	-27.765146	578	0.000000
281474976710655.000000	-27.028183	579	0.000000
281474976710655.000000	-31.240322	580	0.000000
281474976710655.000000	-29.212723	581	0.000000
281474976710655.000000	-32.067043	582	0.000000
281474976710655.000000	-29.902643	583	0.000000
281474976710655.000000	-29.961828	584	0.000000
281474976710655.000000	-28.839581	585	0.000000
281474976710655.000000	-29.759846	586	0.000000
281474976710655.000000	-29.940393	587	0.000000
281474976710655.000000	-30.553261	588	0.000000
281474976710655.000000	-31.816488	589	0.000000
281474976710655.000000	-29.843493	590	0.000000
281474976710655.000000	-26.131912	591	0.000000
281474976710655.000000	-28.547089	592	0.000000
281474976710655.000000	-29.851496	593	0.000000
281474976710655.000000	-31.287001	594	0.000000
281474976710655.000000	-28.682138	595	0.000000
281474976710655.000000	-28.866238	596	0.000000
281474976710655.000000	-29.466700	597	0.000000
281474976710655.000000	-26.276493	598	0.000000
281474976710655.000000	-25.404064	599	0.000000
281474976710655.000000	-28.564756	600	0.000000
281474976710655.000000	-29.286551	601	0.000000
281474976710655.000000	-28.670536	602	0.000000
281474976710655.000000	-27.630381	603	0.000000
281474976710655.000000	-25.930132	604	0.000000
281474976710655.000000	-29.793655	605	0.000000
281474976710655.000000	-29.378956	606	0.000000
281474976710655.000000	-29.311407	607	0.000000
281474976710655.000000	-28.835886	608	0.000000
281474976710655.000000	-31.836288	609	0.000000
281474976710655.000000	-29.506138	610	0.000000
281474976710655.000000	-26.936094	611	0.000000
281474976710655.000000	-26.716169	612	0.000000
281474976710655.000000	-26.770088	613	0.000000
281474976710655.000000	-25.495279	614	0.000000
281474976710655.000000	-29.006939	615	0.000000
281474976710655.000000	-29.532869	616	0.000000
281474976710655.000000	-27.872316	617	0.000000
281474976710655.000000	-29.409821	618	0.000000
281474976710655.000000	-29.270056	619	0.000000
281474976710655.000000	-28.790445	620	0.000000
281474976710655.000000	-27.622005	621	0.000000
281474976710655.000000	-28.814936	622	0.000000
281474976710655.000000	-29.007170	623	0.000000
281474976710655.000000	-26.028925	624	0.000000
281474976710655.000000	-29.744461	625	0.000000
281474976710655.000000	-30.745520	626	0.000000
281474976710655.000000	-28.235853	627	0.000000
281474976710655.000000	-26.299402	628	0.000000
281474976710655.000000	-30.247808	629	0.000000
281474976710655.000000	-30.612541	630	0.000000
281474976710655.000000	-27.711239	631	0.000000
281474976710655.000000	-26.108643	632	0.000000
281474976710655.000000	-27.450388	633	0.000000
281474976710655.000000	-29.180511	634	0.000000
281474976710655.000000	-23.707254	635	0.000000
281474976710655.000000	-27.524893	636	0.000000
281474976710655.000000	-28.497976	637	0.000000
281474976710655.000000	-28.810165	638	0.000000
281474976710655.000000	-26.327730	639	0.000000
281474976710655.000000	-29.232655	640	0.000000
281474976710655.000000	-27.736414	641	0.000000
281474976710655.000000	-25.983076	642	0.000000
281474976710655.000000	-28.952248	643	0.000000
281474976710655.000000	-30.025764	644	0.000000
281474976710655.000000	-26.916159	645	0.000000
281474976710655.000000	-29.684656	646	0.000000
281474976710655.000000	-27.716875	647	0.000000
281474976710655.000000	-25.321205	648	0.000000
281474976710655.000000	-27.598412	649	0.000000
281474976710655.000000	-29.209682	650	0.000000
281474976710655.000000	-27.985073	651	0.000000
281474976710655.000000	-27.990906	652	0.000000
281474976710655.000000	-28.558558	653	0.000000
281474976710655.000000	-28.561426	654	0.000000
281474976710655.000000	-27.922028	655	0.000000
281474976710655.000000	-27.227421	656	0.000000
281474976710655.000000	-27.865969	657	0.000000
281474976710655.000000	-27.098412	658	0.000000
281474976710655.000000	-28.468231	659	0.000000
281474976710655.000000	-26.651171	660	0.000000
281474976710655.000000	-27.500835	661	0.000000
281474976710655.000000	-25.725224	662	0.000000
281474976710655.000000	-24.163954	663	0.000000
281474976710655.000000	-25.450182	664	0.000000
281474976710655.000000	-26.331169	665	0.000000
281474976710655.000000	-29.004532	666	0.000000
281474976710655.000000	-24.721302	667	0.000000
281474976710655.000000	-27.337799	668	0.000000
281474976710655.000000	-25.516224	669	0.000000
281474976710655.000000	-26.330389	670	0.000000
281474976710655.000000	-28.027996	671	0.000000
281474976710655.000000	-27.627485	672	0.000000
281474976710655.000000	-29.656254	673	0.000000
281474976710655.000000	-25.620148	674	0.000000
281474976710655.000000	-26.872507	675	0.000000
281474976710655.000000	-27.388655	676	0.000000
281474976710655.000000	-26.349010	677	0.000000
281474976710655.000000	-24.574636	678	0.000000
281474976710655.000000	-29.532127	679	0.000000
281474976710655.000000	-25.443804	680	0.000000
281474976710655.000000	-23.744230	681	0.000000
281474976710655.000000	-27.629570	682	0.000000
281474976710655.000000	-24.359133	683	0.000000
281474976710655.000000	-27.682680	684	0.000000
281474976710655.000000	-26.160475	685	0.000000
281474976710655.000000	-26.438267	686	0.000000
281474976710655.000000	-24.650040	687	0.000000
281474976710655.000000	-27.354824	688	0.000000
281474976710655.000000	-24.215675	689	0.000000
281474976710655.000000	-25.599798	690	0.000000
281474976710655.000000	-25.887980	691	0.000000
281474976710655.000000	-27.344381	692	0.000000
281474976710655.000000	-25.777119	693	0.000000
281474976710655.000000	-25.762730	694	0.000000
281474976710655.000000	-23.780813	695	0.000000
281474976710655.000000	-27.289497	696	0.000000
281474976710655.000000	-22.955851	697	0.000000
281474976710655.000000	-26.519417	698	0.000000
281474976710655.000000	-25.760870	699	0.000000
281474976710655.000000	-26.802895	700	0.000000
281474976710655.000000	-23.968960	701	0.000000
281474976710655.000000	-26.123838	702	0.000000
281474976710655.000000	-26.959457	703	0.000000
281474976710655.000000	-21.912939	704	0.000000
281474976710655.000000	-24.938587	705	0.000000
281474976710655.000000	-26.735186	706	0.000000
281474976710655.000000	-25.486271	707	0.000000
281474976710655.000000	-25.519920	708	0.000000
281474976710655.000000	-25.359573	709	0.000000
281474976710655.000000	-23.674633	710	0.000000
281474976710655.000000	-25.942034	711	0.000000
281474976710655.000000	-26.127647	712	0.000000
281474976710655.000000	-24.143084	713	0.000000
281474976710655.000000	-26.486507	714	0.000000
281474976710655.000000	-23.174307	715	0.000000
281474976710655.000000	-26.169891	716	0.000000
281474976710655.000000	-25.112825	717	0.000000
281474976710655.000000	-23.394722	718	0.000000
281474976710655.000000	-24.834917	719	0.000000
281474976710655.000000	-24.051302	720	0.000000
281474976710655.000000	-23.638433	721	0.000000
281474976710655.000000	-24.601810	722	0.000000
281474976710655.000000	-25.905275	723	0.000000
281474976710655.000000	-25.203581	724	0.000000
281474976710655.000000	-23.778774	725	0.000000
281474976710655.000000	-24.080664	726	0.000000
281474976710655.000000	-22.681499	727	0.000000
281474976710655.000000	-24.620121	728	0.000000
281474976710655.000000	-24.908443	729	0.000000
281474976710655.000000	-23.170509	730	0.000000
281474976710655.000000	-25.555988	731	0.000000
281474976710655.000000	-24.356495	732	0.000000
281474976710655.000000	-23.384327	733	0.000000
281474976710655.000000	-26.501896	734	0.000000
281474976710655.000000	-22.808193	735	0.000000
281474976710655.000000	-26.301228	736	0.000000
281474976710655.000000	-23.716311	737	0.000000
281474976710655.000000	-22.625557	738	0.000000
281474976710655.000000	-25.407349	739	0.000000
281474976710655.000000	-22.511251	740	0.000000
281474976710655.000000	-25.277012	741	0.000000
281474976710655.000000	-26.227133	742	0.000000
281474976710655.000000	-23.073462	743	0.000000
281474976710655.000000	-24.755924	744	0.000000
281474976710655.000000	-22.156433	745	0.000000
281474976710655.000000	-24.290298	746	0.000000
281474976710655.000000	-23.037020	747	0.000000
281474976710655.000000	-23.191458	748	0.000000
281474976710655.000000	-24.245956	749	0.000000
281474976710655.000000	-25.051502	750	0.000000
281474976710655.000000	-23.883177	751	0.000000
281474976710655.000000	-25.195309	752	0.000000
281474976710655.000000	-21.365269	753	0.000000
281474976710655.000000	-24.024149	754	0.000000
281474976710655.000000	-23.866568	755	0.000000
281474976710655.000000	-23.895262	756	0.000000
281474976710655.000000	-23.861410	757	0.000000
281474976710655.000000	-23.647533	758	0.000000
281474976710655.000000	-23.711237	759	0.000000
281474976710655.000000	-23.819361	760	0.000000
281474976710655.000000	-22.193745	761	0.000000
281474976710655.000000	-23.051649	762	0.000000
281474976710655.000000	-24.189995	763	0.000000
281474976710655.000000	-24.323645	764	0.000000
281474976710655.000000	-22.947121	765	0.000000
281474976710655.000000	-23.570448	766	0.000000
281474976710655.000000	-23.281311	767	0.000000
281474976710655.000000	-23.410563	768	0.000000
281474976710655.000000	-21.413046	769	0.000000
281474976710655.000000	-22.397387	770	0.000000
281474976710655.000000	-21.812395	771	0.000000
281474976710655.000000	-23.465210	772	0.000000
281474976710655.000000	-22.614706	773	0.000000
281474976710655.000000	-23.240400	774	0.000000
281474976710655.000000	-23.387110	775	0.000000
281474976710655.000000	-21.918793	776	0.000000
281474976710655.000000	-23.064636	777	0.000000
281474976710655.000000	-22.336746	778	0.000000
281474976710655.000000	-23.162100	779	0.000000
281474976710655.000000	-23.879137	780	0.000000
281474976710655.000000	-23.207829	781	0.000000
281474976710655.000000	-21.145697	782	0.000000
281474976710655.000000	-21.473993	783	0.000000
281474976710655.000000	-22.513880	784	0.000000
281474976710655.000000	-22.485737	785	0.000000
281474976710655.000000	-23.211185	786	0.000000
281474976710655.000000	-22.079187	787	0.000000
281474976710655.000000	-23.020403	788	0.000000
281474976710655.000000	-22.647425	789	0.000000
281474976710655.000000	-21.190519	790	0.000000
281474976710655.000000	-21.946859	791	0.000000
281474976710655.000000	-20.962563	792	0.000000
281474976710655.000000	-22.598068	793	0.000000
281474976710655.000000	-23.119484	794	0.000000
281474976710655.000000	-20.616503	795	0.000000
281474976710655.000000	-23.072737	796	0.000000
281474976710655.000000	-21.778433	797	0.000000
281474976710655.000000	-21.651459	798	0.000000
281474976710655.000000	-21.932892	799	0.000000
281474976710655.000000	-21.289213	800	0.000000
281474976710655.000000	-23.514269	801	0.000000
281474976710655.000000	-22.536842	802	0.000000
281474976710655.000000	-22.172085	803	0.000000
281474976710655.000000	-22.123417	804	0.000000
281474976710655.000000	-20.484055	805	0.000000
281474976710655.000000	-21.425894	806	0.000000
281474976710655.000000	-21.807652	807	0.000000
281474976710655.000000	-20.859457	808	0.000000
281474976710655.000000	-21.195774	809	0.000000
281474976710655.000000	-22.644812	810	0.000000
281474976710655.000000	-21.414951	811	0.000000
281474976710655.000000	-22.035345	812	0.000000
281474976710655.000000	-21.707809	813	0.000000
281474976710655.000000	-23.011379	814	0.000000
281474976710655.000000	-21.201756	815	0.000000
281474976710655.000000	-21.457764	816	0.000000
281474976710655.000000	-21.826847	817	0.000000
281474976710655.000000	-22.835197	818	0.000000
281474976710655.000000	-21.649403	819	0.000000
281474976710655.000000	-20.891172	820	0.000000
281474976710655.000000	-21.156380	821	0.000000
281474976710655.000000	-22.062571	822	0.000000
281474976710655.000000	-20.579576	823	0.000000
281474976710655.000000	-22.477402	824	0.000000
281474976710655.000000	-21.361408	825	0.000000
281474976710655.000000	-21.395063	826	0.000000
281474976710655.000000	-21.433832	827	0.000000
281474976710655.000000	-21.868004	828	0.000000
281474976710655.000000	-21.695301	829	0.000000
281474976710655.000000	-20.850172	830	0.000000
281474976710655.000000	-20.478546	831	0.000000
281474976710655.000000	-21.754492	832	0.000000
281474976710655.000000	-20.377062	833	0.000000
281474976710655.000000	-20.732668	834	0.000000
281474976710655.000000	-20.734911	835	0.000000
281474976710655.000000	-21.507547	836	0.000000
281474976710655.000000	-20.485264	837	0.000000
281474976710655.000000	-21.175011	838	0.000000
281474976710655.000000	-19.219685	839	0.000000
281474976710655.000000	-20.348005	840	0.000000
281474976710655.000000	-19.645393	841	0.000000
281474976710655.000000	-20.202209	842	0.000000
281474976710655.000000	-20.258772	843	0.000000
281474976710655.000000	-20.786163	844	0.000000
281474976710655.000000	-20.950720	845	0.000000
281474976710655.000000	-21.645842	846	0.000000
281474976710655.000000	-20.211092	847	0.000000
281474976710655.000000	-20.276922	848	0.000000
281474976710655.000000	-20.627134	849	0.000000
281474976710655.000000	-20.354607	850	0.000000
281474976710655.000000	-19.880257	851	0.000000
281474976710655.000000	-20.337896	852	0.000000
281474976710655.000000	-19.308279	853	0.000000
281474976710655.000000	-20.565838	854	0.000000
281474976710655.000000	-19.300354	855	0.000000
281474976710655.000000	-19.978024	856	0.000000
281474976710655.000000	-19.597742	857	0.000000
281474976710655.000000	-19.130070	858	0.000000
281474976710655.000000	-21.955563	859	0.000000
281474976710655.000000	-20.171764	860	0.000000
281474976710655.000000	-20.288239	861	0.000000
281474976710655.000000	-19.110109	862	0.000000
281474976710655.000000	-20.156843	863	0.000000
281474976710655.000000	-19.179264	864	0.000000
281474976710655.000000	-18.971466	865	0.000000
281474976710655.000000	-19.993826	866	0.000000
281474976710655.000000	-20.431763	867	0.000000
281474976710655.000000	-19.833687	868	0.000000
281474976710655.000000	-19.830208	869	0.000000
281474976710655.000000	-20.563433	870	0.000000
281474976710655.000000	-21.077217	871	0.000000
281474976710655.000000	-20.308844	872	0.000000
281474976710655.000000	-19.481133	873	0.000000
281474976710655.000000	-18.970068	874	0.000000
281474976710655.000000	-20.721973	875	0.000000
281474976710655.000000	-19.798729	876	0.000000
281474976710655.000000	-19.652201	877	0.000000
281474976710655.000000	-19.791550	878	0.000000
281474976710655.000000	-18.237524	879	0.000000
281474976710655.000000	-19.233398	880	0.000000
281474976710655.000000	-19.698502	881	0.000000
281474976710655.000000	-19.717005	882	0.000000
281474976710655.000000	-19.111454	883	0.000000
281474976710655.000000	-20.813562	884	0.000000
281474976710655.000000	-19.300932	885	0.000000
281474976710655.000000	-20.154625	886	0.000000
281474976710655.000000	-19.250109	887	0.000000
281474976710655.000000	-21.026558	888	0.000000
281474976710655.000000	-18.834949	889	0.000000
281474976710655.000000	-19.454321	890	0.000000
281474976710655.000000	-18.205055	891	0.000000
281474976710655.000000	-18.570486	892	0.000000
281474976710655.000000	-20.205244	893	0.000000
281474976710655.000000	-19.244814	894	0.000000
281474976710655.000000	-18.912760	895	0.000000
281474976710655.000000	-19.364767	896	0.000000
281474976710655.000000	-19.263615	897	0.000000
281474976710655.000000	-19.468710	898	0.000000
281474976710655.000000	-19.246780	899	0.000000
281474976710655.000000	-19.027163	900	0.000000
281474976710655.000000	-19.235928	901	0.000000
281474976710655.000000	-19.609518	902	0.000000
281474976710655.000000	-18.621151	903	0.000000
281474976710655.000000	-19.141497	904	0.000000
281474976710655.000000	-18.533178	905	0.000000
281474976710655.000000	-18.956060	906	0.000000
281474976710655.000000	-19.066988	907	0.000000
281474976710655.000000	-18.086100	908	0.000000
281474976710655.000000	-18.440960	909	0.000000
281474976710655.000000	-17.805716	910	0.000000
281474976710655.000000	-18.968575	911	0.000000
281474976710655.000000	-20.135912	912	0.000000
281474976710655.000000	-18.822763	913	0.000000
281474976710655.000000	-18.915628	914	0.000000
281474976710655.000000	-18.458107	915	0.000000
281474976710655.000000	-18.281672	916	0.000000
281474976710655.000000	-18.522663	917	0.000000
281474976710655.000000	-18.470459	918	0.000000
281474976710655.000000	-19.025066	919	0.000000
281474976710655.000000	-18.632797	920	0.000000
281474976710655.000000	-18.320942	921	0.000000
281474976710655.000000	-20.038902	922	0.000000
281474976710655.000000	-18.558409	923	0.000000
281474976710655.000000	-17.523008	924	0.000000
281474976710655.000000	-17.469349	925	0.000000
281474976710655.000000	-18.002298	926	0.000000
281474976710655.000000	-18.624405	927	0.000000
281474976710655.000000	-18.658791	928	0.000000
281474976710655.000000	-18.326777	929	0.000000
281474976710655.000000	-18.662012	930	0.000000
281474976710655.000000	-18.858349	931	0.000000
281474976710655.000000	-17.326841	932	0.000000
281474976710655.000000	-18.519518	933	0.000000
281474976710655.000000	-18.887798	934	0.000000
281474976710655.000000	-18.937765	935	0.000000
281474976710655.000000	-18.176451	936	0.000000
281474976710655.000000	-18.088396	937	0.000000
281474976710655.000000	-18.546270	938	0.000000
281474976710655.000000	-18.160719	939	0.000000
281474976710655.000000	-18.258123	940	0.000000
281474976710655.000000	-17.850275	941	0.000000
281474976710655.000000	-18.351185	942	0.000000
281474976710655.000000	-17.717415	943	0.000000
281474976710655.000000	-18.635891	944	0.000000
281474976710655.000000	-18.037338	945	0.000000
281474976710655.000000	-18.257751	946	0.000000
281474976710655.000000	-18.074911	947	0.000000
281474976710655.000000	-17.783308	948	0.000000
281474976710655.000000	-17.548790	949	0.000000
281474976710655.000000	-17.349730	950	0.000000
281474976710655.000000	-18.518101	951	0.000000
281474976710655.000000	-18.307203	952	0.000000
281474976710655.000000	-18.289640	953	0.000000
281474976710655.000000	-18.336098	954	0.000000
281474976710655.000000	-17.857773	955	0.000000
281474976710655.000000	-17.995518	956	0.000000
281474976710655.000000	-17.127062	957	0.000000
281474976710655.000000	-17.610067	958	0.000000
281474976710655.000000	-17.271273	959	0.000000
281474976710655.000000	-17.286098	960	0.000000
281474976710655.000000	-17.661295	961	0.000000
281474976710655.000000	-17.614182	962	0.000000
281474976710655.000000	-17.135239	963	0.000000
281474976710655.000000	-17.926815	964	0.000000
281474976710655.000000	-16.903114	965	0.000000
281474976710655.000000	-17.696621	966	0.000000
281474976710655.000000	-17.606974	967	0.000000
281474976710655.000000	-18.095785	968	0.000000
281474976710655.000000	-17.300919	969	0.000000
281474976710655.000000	-17.297091	970	0.000000
281474976710655.000000	-17.004261	971	0.000000
281474976710655.000000	-17.327106	972	0.000000
281474976710655.000000	-17.057684	973	0.000000
281474976710655.000000	-17.560335	974	0.000000
281474976710655.000000	-16.382774	975	0.000000
281474976710655.000000	-17.415964	976	0.000000
281474976710655.000000	-17.284655	977	0.000000
281474976710655.000000	-16.867949	978	0.000000
281474976710655.000000	-17.065767	979	0.000000
281474976710655.000000	-16.674641	980	0.000000
281474976710655.000000	-16.591116	981	0.000000
281474976710655.000000	-16.840528	982	0.000000
281474976710655.000000	-16.787186	983	0.000000
281474976710655.000000	-16.862114	984	0.000000
281474976710655.000000	-16.910702	985	0.000000
281474976710655.000000	-16.970585	986	0.000000
281474976710655.000000	-16.676956	987	0.000000
281474976710655.000000	-17.147518	988	0.000000
281474976710655.000000	-16.588556	989	0.000000
281474976710655.000000	-16.917557	990	0.000000
281474976710655.000000	-17.238659	991	0.000000
281474976710655.000000	-16.857857	992	0.000000
281474976710655.000000	-17.443039	993	0.000000
281474976710655.000000	-16.850592	994	0.000000
281474976710655.000000	-16.120523	995	0.000000
281474976710655.000000	-16.628897	996	0.000000
281474976710655.000000	-16.983454	997	0.000000
281474976710655.000000	-17.188231	998	0.000000
281474976710655.000000	-16.172438	999	0.000000
281474976710655.000000	-16.162746	1000	0.000000
281474976710655.000000	-16.434448	1001	0.000000
281474976710655.000000	-15.851245	1002	0.000000
281474976710655.000000	-16.362274	1003	0.000000
281474976710655.000000	-16.637737	1004	0.000000
281474976710655.000000	-16.080641	1005	0.000000
281474976710655.000000	-16.145111	1006	0.000000
281474976710655.000000	-16.267958	1007	0.000000
281474976710655.000000	-16.290966	1008	0.000000
281474976710655.000000	-17.250706	1009	0.000000
281474976710655.000000	-16.289217	1010	0.000000
281474976710655.000000	-15.913081	1011	0.000000
281474976710655.000000	-16.351561	1012	0.000000
281474976710655.000000	-16.413879	1013	0.000000
281474976710655.000000	-16.730583	1014	0.000000
281474976710655.000000	-16.173323	1015	0.000000
281474976710655.000000	-16.531359	1016	0.000000
281474976710655.000000	-16.012594	1017	0.000000
281474976710655.000000	-16.085768	1018	0.000000
281474976710655.000000	-15.997423	1019	0.000000
281474976710655.000000	-15.931716	1020	0.000000
281474976710655.000000	-15.865306	1021	0.000000
281474976710655.000000	-16.148890	1022	0.000000
281474976710655.000000	-16.671230	1023	0.000000
281474976710655.000000	-15.758899	1024	0.000000
281474976710655.000000	-16.068157	1025	0.000000
281474976710655.000000	-16.117710	1026	0.000000
281474976710655.000000	-15.776636	1027	0.000000
281474976710655.000000	-15.981357	1028	0.000000
281474976710655.000000	-15.909713	1029	0.000000
281474976710655.000000	-16.207933	1030	0.000000
281474976710655.000000	-16.069574	1031	0.000000
281474976710655.000000	-15.455660	1032	0.000000
281474976710655.000000	-15.335914	1033	0.000000
281474976710655.000000	-15.911647	1034	0.000000
281474976710655.000000	-15.442822	1035	0.000000
281474976710655.000000	-15.953047	1036	0.000000
281474976710655.000000	-15.517625	1037	0.000000
281474976710655.000000	-15.796489	1038	0.000000
281474976710655.000000	-15.569546	1039	0.000000
281474976710655.000000	-15.633323	1040	0.000000
281474976710655.000000	-15.071804	1041	0.000000
281474976710655.000000	-15.437420	1042	0.000000
281474976710655.000000	-15.571793	1043	0.000000
281474976710655.000000	-16.140987	1044	0.000000
281474976710655.000000	-15.416931	1045	0.000000
281474976710655.000000	-15.925776	1046	0.000000
281474976710655.000000	-15.460534	1047	0.000000
281474976710655.000000	-15.566481	1048	0.000000
281474976710655.000000	-15.616329	1049	0.000000
281474976710655.000000	-16.005590	1050	0.000000
281474976710655.000000	-15.688753	1051	0.000000
281474976710655.000000	-16.149073	1052	0.000000
281474976710655.000000	-15.197818	1053	0.000000
281474976710655.000000	-15.572859	1054	0.000000
281474976710655.000000	-14.968748	1055	0.000000
281474976710655.000000	-16.050520	1056	0.000000
281474976710655.000000	-14.886846	1057	0.000000
281474976710655.000000	-15.091390	1058	0.000000
281474976710655.000000	-15.304923	1059	0.000000
281474976710655.000000	-15.452145	1060	0.000000
281474976710655.000000	-15.015918	1061	0.000000
281474976710655.000000	-15.091302	1062	0.000000
281474976710655.000000	-15.002666	1063	0.000000
281474976710655.000000	-15.364268	1064	0.000000
281474976710655.000000	-15.152344	1065	0.000000
281474976710655.000000	-15.053117	1066	0.000000
281474976710655.000000	-14.890860	1067	0.000000
281474976710655.000000	-15.453662	1068	0.000000
281474976710655.000000	-14.878470	1069	0.000000
281474976710655.000000	-14.929085	1070	0.000000
281474976710655.000000	-14.680996	1071	0.000000
281474976710655.000000	-15.258444	1072	0.000000
281474976710655.000000	-14.497286	1073	0.000000
281474976710655.000000	-14.884564	1074	0.000000
281474976710655.000000	-15.402194	1075	0.000000
281474976710655.000000	-15.091651	1076	0.000000
281474976710655.000000	-14.785264	1077	0.000000
281474976710655.000000	-14.707326	1078	0.000000
281474976710655.000000	-14.845901	1079	0.000000
281474976710655.000000	-15.138602	1080	0.000000
281474976710655.000000	-14.555849	1081	0.000000
281474976710655.000000	-15.001609	1082	0.000000
281474976710655.000000	-15.013081	1083	0.000000
281474976710655.000000	-14.180824	1084	0.000000
281474976710655.000000	-15.042132	1085	0.000000
281474976710655.000000	-14.448693	1086	0.000000
281474976710655.000000	-14.787925	1087	0.000000
281474976710655.000000	-14.498634	1088	0.000000
281474976710655.000000	-14.572585	1089	0.000000
281474976710655.000000	-14.708854	1090	0.000000
281474976710655.000000	-14.628712	1091	0.000000
281474976710655.000000	-14.365519	1092	0.000000
281474976710655.000000	-14.777556	1093	0.000000
281474976710655.000000	-14.605330	1094	0.000000
281474976710655.000000	-14.575912	1095	0.000000
281474976710655.000000	-14.920833	1096	0.000000
281474976710655.000000	-14.178535	1097	0.000000
281474976710655.000000	-14.355729	1098	0.000000
281474976710655.000000	-14.548167	1099	0.000000
281474976710655.000000	-14.229872	1100	0.000000
281474976710655.000000	-14.146044	1101	0.000000
281474976710655.000000	-14.483413	1102	0.000000
281474976710655.000000	-14.288587	1103	0.000000
281474976710655.000000	-14.760126	1104	0.000000
281474976710655.000000	-14.228365	1105	0.000000
281474976710655.000000	-14.451683	1106	0.000000
281474976710655.000000	-14.036400	1107	0.000000
281474976710655.000000	-14.403836	1108	0.000000
281474976710655.000000	-14.321778	1109	0.000000
281474976710655.000000	-14.461695	1110	0.000000
281474976710655.000000	-14.339283	1111	0.000000
281474976710655.000000	-14.499246	1112	0.000000
281474976710655.000000	-14.725344	1113	0.000000
281474976710655.000000	-13.818358	1114	0.000000
281474976710655.000000	-13.974667	1115	0.000000
281474976710655.000000	-13.740502	1116	0.000000
281474976710655.000000	-14.130652	1117	0.000000
281474976710655.000000	-14.209434	1118	0.000000
281474976710655.000000	-14.231231	1119	0.000000
281474976710655.000000	-14.211358	1120	0.000000
281474976710655.000000	-14.512521	1121	0.000000
281474976710655.000000	-14.264183	1122	0.000000
281474976710655.000000	-14.111700	1123	0.000000
281474976710655.000000	-13.743244	1124	0.000000
281474976710655.000000	-13.501842	1125	0.000000
281474976710655.000000	-14.140481	1126	0.000000
281474976710655.000000	-13.548523	1127	0.000000
281474976710655.000000	-14.080043	1128	0.000000
281474976710655.000000	-13.498236	1129	0.000000
281474976710655.000000	-14.103739	1130	0.000000
281474976710655.000000	-13.886973	1131	0.000000
281474976710655.000000	-13.893253	1132	0.000000
281474976710655.000000	-13.954490	1133	0.000000
281474976710655.000000	-13.935282	1134	0.000000
281474976710655.000000	-13.575568	1135	0.000000
281474976710655.000000	-13.372974	1136	0.000000
281474976710655.000000	-13.390606	1137	0.000000
281474976710655.000000	-14.282344	1138	0.000000
281474976710655.000000	-13.914011	1139	0.000000
281474976710655.000000	-13.420085	1140	0.000000
281474976710655.000000	-13.589118	1141	0.000000
281474976710655.000000	-13.671972	1142	0.000000
281474976710655.000000	-13.727365	1143	0.000000
281474976710655.000000	-13.899725	1144	0.000000
281474976710655.000000	-13.787450	1145	0.000000
281474976710655.000000	-13.641488	1146	0.000000
281474976710655.000000	-13.441461	1147	0.000000
281474976710655.000000	-13.795329	1148	0.000000
281474976710655.000000	-13.664156	1149	0.000000
281474976710655.000000	-13.234122	1150	0.000000
281474976710655.000000	-13.422529	1151	0.000000
281474976710655.000000	-13.215179	1152	0.000000
281474976710655.000000	-13.654941	1153	0.000000
281474976710655.000000	-13.907254	1154	0.000000
281474976710655.000000	-13.666308	1155	0.000000
281474976710655.000000	-13.079592	1156	0.000000
281474976710655.000000	-13.053926	1157	0.000000
281474976710655.000000	-13.626354	1158	0.000000
281474976710655.000000	-13.440030	1159	0.000000
281474976710655.000000	-13.268679	1160	0.000000
281474976710655.000000	-13.271421	1161	0.000000
281474976710655.000000	-13.109074	1162	0.000000
281474976710655.000000	-13.120708	1163	0.000000
281474976710655.000000	-13.086015	1164	0.000000
281474976710655.000000	-13.099008	1165	0.000000
281474976710655.000000	-13.272001	1166	0.000000
281474976710655.000000	-13.363808	1167	0.000000
281474976710655.000000	-12.885087	1168	0.000000
281474976710655.000000	-13.241255	1169	0.000000
281474976710655.000000	-13.253078	1170	0.000000
281474976710655.000000	-13.079107	1171	0.000000
281474976710655.000000	-13.368197	1172	0.000000
281474976710655.000000	-12.622907	1173	0.000000
281474976710655.000000	-13.157029	1174	0.000000
281474976710655.000000	-12.952084	1175	0.000000
281474976710655.000000	-13.061769	1176	0.000000
281474976710655.000000	-13.097259	1177	0.000000
281474976710655.000000	-13.206410	1178	0.000000
281474976710655.000000	-13.016762	1179	0.000000
281474976710655.000000	-13.561724	1180	0.000000
281474976710655.000000	-13.300928	1181	0.000000
281474976710655.000000	-13.133741	1182	0.000000
281474976710655.000000	-13.395198	1183	0.000000
281474976710655.000000	-13.075470	1184	0.000000
281474976710655.000000	-13.099590	1185	0.000000
281474976710655.000000	-12.898535	1186	0.000000
281474976710655.000000	-12.712469	1187	0.000000
281474976710655.000000	-13.398849	1188	0.000000
281474976710655.000000	-12.519053	1189	0.000000
281474976710655.000000	-12.903720	1190	0.000000
281474976710655.000000	-12.731602	1191	0.000000
281474976710655.000000	-13.103787	1192	0.000000
281474976710655.000000	-12.530629	1193	0.000000
281474976710655.000000	-13.010671	1194	0.000000
281474976710655.000000	-12.677079	1195	0.000000
281474976710655.000000	-12.340597	1196	0.000000
281474976710655.000000	-12.395866	1197	0.000000
281474976710655.000000	-12.299423	1198	0.000000
281474976710655.000000	-12.841355	1199	0.000000
281474976710655.000000	-12.765712	1200	0.000000
281474976710655.000000	-12.617909	1201	0.000000
281474976710655.000000	-12.657959	1202	0.000000
281474976710655.000000	-12.704244	1203	0.000000
281474976710655.000000	-12.605394	1204	0.000000
281474976710655.000000	-12.389843	1205	0.000000
281474976710655.000000	-12.756658	1206	0.000000
281474976710655.000000	-12.411781	1207	0.000000
281474976710655.000000	-12.864424	1208	0.000000
281474976710655.000000	-12.571017	1209	0.000000
281474976710655.000000	-12.294554	1210	0.000000
281474976710655.000000	-12.587169	1211	0.000000
281474976710655.000000	-12.395691	1212	0.000000
281474976710655.000000	-12.379061	1213	0.000000
281474976710655.000000	-12.746978	1214	0.000000
281474976710655.000000	-12.120208	1215	0.000000
281474976710655.000000	-11.992316	1216	0.000000
281474976710655.000000	-11.957442	1217	0.000000
281474976710655.000000	-12.371843	1218	0.000000
281474976710655.000000	-12.518823	1219	0.000000
281474976710655.000000	-12.330768	1220	0.000000
281474976710655.000000	-12.335742	1221	0.000000
281474976710655.000000	-12.239845	1222	0.000000
281474976710655.000000	-12.201794	1223	0.000000
281474976710655.000000	-12.208455	1224	0.000000
281474976710655.000000	-12.486770	1225	0.000000
281474976710655.000000	-12.288667	1226	0.000000
281474976710655.000000	-12.054387	1227	0.000000
281474976710655.000000	-12.555369	1228	0.000000
281474976710655.000000	-12.342694	1229	0.000000
281474976710655.000000	-12.207559	1230	0.000000
281474976710655.000000	-12.188760	1231	0.000000
281474976710655.000000	-11.953750	1232	0.000000
281474976710655.000000	-12.094947	1233	0.000000
281474976710655.000000	-12.021069	1234	0.000000
281474976710655.000000	-12.252745	1235	0.000000
281474976710655.000000	-12.138471	1236	0.000000
281474976710655.000000	-11.793980	1237	0.000000
281474976710655.000000	-11.910451	1238	0.000000
281474976710655.000000	-11.949082	1239	0.000000
281474976710655.000000	-11.930847	1240	0.000000
281474976710655.000000	-12.178169	1241	0.000000
281474976710655.000000	-11.830739	1242	0.000000
281474976710655.000000	-12.006368	1243	0.000000
281474976710655.000000	-12.146243	1244	0.000000
281474976710655.000000	-11.964302	1245	0.000000
281474976710655.000000	-11.873010	1246	0.000000
281474976710655.000000	-11.745557	1247	0.000000
281474976710655.000000	-11.936405	1248	0.000000
281474976710655.000000	-11.763023	1249	0.000000
281474976710655.000000	-11.931753	1250	0.000000
281474976710655.000000	-11.837852	1251	0.000000
281474976710655.000000	-12.148603	1252	0.000000
281474976710655.000000	-11.787663	1253	0.000000
281474976710655.000000	-11.967607	1254	0.000000
281474976710655.000000	-11.683767	1255	0.000000
281474976710655.000000	-11.854613	1256	0.000000
281474976710655.000000	-11.901742	1257	0.000000
281474976710655.000000	-11.708834	1258	0.000000
281474976710655.000000	-11.959110	1259	0.000000
