num crossings	time (s)	maj axis (mm)	min axis (mm)	theta (rad )	slope (V/s)
93	116.216819	120.555584	-5.153584	1.544962	55.668270
95	118.293665	120.145518	-5.066263	1.537007	58.683794
97	120.365802	120.401328	-5.091612	1.540062	53.724852
99	122.439176	119.634990	-5.213785	1.545365	53.320165
101	124.515697	118.862622	-5.390737	1.540274	56.845973
103	126.593716	118.842180	-5.468946	1.535023	51.924812
105	128.668505	119.544071	-5.433529	1.533720	52.887415
107	130.741793	118.815986	-5.545649	1.534569	54.323276
109	132.814602	118.294598	-5.658420	1.537018	54.440282
111	134.889154	118.111852	-5.738797	1.534835	52.279837
113	136.964248	117.958632	-5.859466	1.532566	55.007351
115	139.039001	117.680018	-5.949806	1.529774	52.917988
117	141.113349	117.687902	-6.020209	1.528481	55.793451
119	143.189354	117.448421	-6.038216	1.528170	52.917962
121	145.265413	117.332809	-6.138353	1.526693	51.857530
123	147.341150	117.156988	-6.247223	1.526528	52.687502
125	149.415282	117.742234	-6.457064	1.523853	54.318874
127	151.487346	117.224278	-6.475019	1.516047	52.849351
129	153.561354	116.605889	-6.463087	1.514697	52.414200
131	155.638649	116.427172	-6.509926	1.517463	51.402207
133	157.715084	116.532984	-6.655034	1.519408	56.329359
135	159.787139	116.900554	-6.883457	1.512429	52.401424
137	161.860021	116.338696	-6.768164	1.506629	49.824129
139	163.936118	115.779611	-6.751525	1.509629	50.440982
141	166.012884	115.748569	-6.913729	1.509652	54.595461
143	168.087348	115.801273	-7.058248	1.509630	50.939444
145	170.160065	115.711443	-7.132569	1.503449	53.691310
147	172.233082	115.266134	-7.205310	1.497902	51.022156
149	174.307354	114.442214	-7.250014	1.498374	49.803385
151	176.382760	114.514890	-7.264642	1.499379	50.521420
153	178.457900	114.684034	-7.393164	1.497391	50.946336
155	180.533245	114.702444	-7.434814	1.495118	50.270481
157	182.607537	114.152921	-7.534857	1.494460	49.456283
159	184.681670	113.858670	-7.601650	1.493227	49.901848
161	186.755290	114.221039	-7.680538	1.491764	49.454767
163	188.829525	114.129365	-7.818686	1.490107	51.815643
165	190.904524	113.626456	-7.894605	1.488908	50.638348
167	192.980572	113.501121	-7.987472	1.485100	51.704613
169	195.057342	113.426561	-8.122458	1.480851	50.073367
171	197.132271	113.612446	-8.099838	1.478364	49.650516
173	199.204420	113.125064	-8.100834	1.480250	50.201487
175	201.276917	112.699075	-8.228209	1.480828	50.208646
177	203.352110	112.547586	-8.391329	1.477825	52.093595
179	205.428947	112.288749	-8.481588	1.472732	49.595849
181	207.505185	112.179858	-8.510297	1.467749	50.592371
183	209.578903	112.525712	-8.589360	1.467090	52.082856
185	211.651543	111.926236	-8.571922	1.469063	50.112434
187	213.724649	112.263097	-8.781488	1.468692	49.039169
189	215.799112	111.673966	-8.801035	1.466411	48.205797
191	217.874332	112.115678	-8.995364	1.462871	49.251077
193	219.949308	111.326046	-8.986848	1.460975	49.445111
195	222.024513	111.189789	-9.045872	1.458770	48.319805
197	224.099194	110.835658	-9.131812	1.456527	52.442801
199	226.173926	110.885644	-9.237823	1.454078	48.856015
201	228.247975	110.899289	-9.386014	1.451944	48.486014
203	230.321818	110.647881	-9.413078	1.448397	47.496003
205	232.396012	110.271146	-9.482335	1.444837	49.541588
207	234.469975	109.789071	-9.538766	1.444428	48.217276
209	236.545177	109.670821	-9.600972	1.442923	48.855636
211	238.621305	109.642627	-9.649506	1.441646	47.478416
213	240.697484	109.550691	-9.733257	1.440895	47.894116
215	242.772689	109.259009	-9.829694	1.439489	48.794375
217	244.845787	108.689955	-9.975947	1.437994	48.121689
219	246.918494	109.369269	-10.057302	1.430567	48.090888
221	248.991727	109.200106	-10.096152	1.427316	47.131275
223	251.066408	108.257980	-10.068218	1.427225	46.534205
225	253.142643	108.486812	-10.144549	1.425256	47.929673
227	255.218866	108.404915	-10.269068	1.423941	46.854312
229	257.293972	107.938168	-10.391700	1.420876	47.331493
231	259.368290	108.549047	-10.440683	1.419666	47.780286
233	261.442187	107.961305	-10.496407	1.417021	47.696092
235	263.516104	108.436416	-10.618218	1.414483	47.000288
237	265.590024	107.620423	-10.633938	1.411183	46.432085
239	267.664205	107.262980	-10.664207	1.409066	48.518539
241	269.738911	107.020258	-10.757883	1.406539	45.495756
243	271.813686	107.061724	-10.835853	1.404314	45.787161
245	273.888767	106.836003	-10.918007	1.401269	46.758857
247	275.963729	106.772992	-10.977879	1.398058	46.564876
249	278.038774	106.639392	-11.046243	1.394842	46.819854
251	280.112801	106.923427	-11.313001	1.391342	47.387874
253	282.185933	106.478969	-11.197246	1.389550	45.504470
255	284.258492	106.579365	-11.213635	1.390727	45.668567
257	286.331780	105.485120	-11.325597	1.389738	45.215345
259	288.406257	105.771020	-11.380399	1.386659	45.259233
261	290.481808	105.507393	-11.547078	1.382087	44.632647
263	292.558067	105.589986	-11.546565	1.378966	44.963445
265	294.633775	105.436393	-11.618460	1.374782	45.708723
267	296.708437	105.306464	-11.683807	1.370237	43.660756
269	298.782266	105.320655	-11.789275	1.369650	45.407134
271	300.855636	105.089714	-11.742379	1.368516	43.856649
273	302.928947	104.820683	-11.809489	1.367148	44.702138
275	305.002802	104.634302	-11.880288	1.365135	44.582282
277	307.076641	104.666754	-11.970977	1.363042	45.351171
279	309.150975	104.623671	-12.081077	1.359500	43.461885
281	311.225004	104.333641	-12.152651	1.356295	43.840713
283	313.299620	104.182514	-12.156764	1.354198	44.438859
285	315.374475	104.318623	-12.269283	1.351757	43.918005
287	317.449602	104.142350	-12.309043	1.348442	42.811576
289	319.524706	103.725617	-12.340794	1.345683	45.165480
291	321.600154	103.598348	-12.489561	1.342517	43.199368
293	323.675460	103.366421	-12.463681	1.340829	44.664036
295	325.750481	103.188975	-12.525793	1.339378	44.713055
297	327.824205	103.487889	-12.621193	1.336287	43.267163
299	329.897262	103.322599	-12.688204	1.332665	43.223613
301	331.969993	102.936160	-12.703205	1.326854	42.896557
303	334.043315	103.125134	-12.854466	1.322131	43.647003
305	336.117453	102.679750	-12.827589	1.321525	42.475865
307	338.192457	102.296331	-12.867703	1.319296	42.319617
309	340.267623	102.301383	-12.947848	1.316551	42.108976
311	342.343227	102.102481	-12.995754	1.313700	43.292116
313	344.418481	102.639981	-13.228949	1.310037	41.273092
315	346.493329	102.106383	-13.151911	1.306904	43.419107
317	348.568075	101.847671	-13.216349	1.303890	40.806386
319	350.642711	101.701177	-13.337225	1.301887	41.185647
321	352.717113	100.794447	-13.369743	1.296693	42.432123
323	354.791435	101.215969	-13.381189	1.294597	40.976187
325	356.865706	101.309159	-13.433956	1.291661	40.536385
327	358.940052	101.096793	-13.463383	1.288835	41.508131
329	361.013919	100.848933	-13.558612	1.284788	41.247090
331	363.087695	100.998320	-13.579753	1.282245	42.160143
333	365.161282	101.319468	-13.734742	1.279546	40.526106
335	367.234601	100.454158	-13.663635	1.277519	41.224566
337	369.308008	100.370531	-13.696948	1.276187	40.823417
339	371.381499	100.231889	-13.782319	1.273832	41.261768
341	373.455590	100.235356	-13.849265	1.270577	40.967534
343	375.530710	99.778212	-13.881652	1.266689	41.326602
345	377.606442	99.664016	-13.931235	1.263432	39.473380
347	379.682084	99.865684	-14.022780	1.259172	39.903056
349	381.757643	99.699335	-14.077318	1.255586	39.245173
351	383.832774	99.106756	-14.138279	1.251962	39.665591
353	385.906929	99.484573	-14.136435	1.249599	40.022911
355	387.980819	99.068771	-14.180853	1.245032	40.127677
357	390.054777	98.892384	-14.270422	1.240989	38.735224
359	392.128667	99.024948	-14.259139	1.239646	41.083512
361	394.202772	98.848267	-14.320275	1.236909	39.235335
363	396.277157	98.936829	-14.380503	1.234098	39.984264
365	398.351801	98.759195	-14.427189	1.230772	40.143090
367	400.426493	98.811923	-14.491452	1.227194	39.307145
369	402.501054	98.240585	-14.437520	1.224816	39.667774
371	404.575867	98.801262	-14.638757	1.221970	38.448639
373	406.649984	97.811400	-14.549829	1.219656	38.321318
375	408.723941	97.802170	-14.631536	1.217234	38.373063
377	410.797201	98.562227	-14.734722	1.213672	38.098627
379	412.870038	98.255585	-14.726193	1.208124	37.440825
381	414.943467	97.690218	-14.679947	1.203374	37.450035
383	417.017011	97.591247	-14.814123	1.199396	37.625537
385	419.090968	97.227348	-14.776127	1.196279	38.233279
387	421.165601	96.922610	-14.833082	1.193393	38.777316
389	423.240396	96.997958	-14.831649	1.190001	36.549636
391	425.315323	97.001562	-14.872551	1.187282	38.068534
393	427.390232	96.554121	-14.874170	1.184106	38.836817
395	429.464781	96.946290	-15.083841	1.180262	36.840692
397	431.539179	96.607837	-14.974467	1.176650	38.791240
399	433.613748	96.294100	-15.040622	1.171941	37.501094
401	435.687570	96.109161	-15.065817	1.169272	37.735791
403	437.761426	96.129682	-15.082925	1.166227	36.436738
405	439.835183	96.525804	-15.137103	1.165008	36.428553
407	441.908761	95.961331	-15.117907	1.162287	36.457285
409	443.982687	95.974543	-15.173069	1.158581	36.431565
411	446.056460	95.608104	-15.154230	1.155728	36.931818
413	448.131259	95.666274	-15.211976	1.151786	35.656425
415	450.206183	95.216906	-15.249539	1.148199	36.031699
417	452.281551	95.239947	-15.264944	1.145077	34.424820
419	454.356884	95.159276	-15.285531	1.140351	35.060622
421	456.432353	95.262677	-15.331448	1.136915	35.514271
423	458.507027	95.061174	-15.357280	1.132768	34.670711
425	460.581826	94.917715	-15.384119	1.129130	36.346693
427	462.655867	94.840732	-15.391789	1.125977	35.753017
429	464.729757	94.771886	-15.418169	1.123816	36.816753
431	466.803892	94.513737	-15.394886	1.120206	36.107725
433	468.877941	94.589927	-15.417687	1.116043	35.728345
435	470.952407	94.445329	-15.472082	1.111173	35.766675
437	473.026694	93.868475	-15.448802	1.109676	37.281417
439	475.101164	93.938987	-15.521196	1.107123	35.547275
441	477.175628	93.904204	-15.568402	1.104338	35.215925
443	479.249338	93.747961	-15.527685	1.102389	36.790759
445	481.322963	94.181050	-15.617052	1.099205	33.646393
447	483.396164	93.798735	-15.600132	1.094953	33.782360
449	485.469143	93.519399	-15.587168	1.090007	34.537743
451	487.542404	93.409060	-15.621972	1.084865	34.356353
453	489.615841	93.524919	-15.682404	1.080391	34.605492
455	491.689351	93.301402	-15.650323	1.077195	33.237517
457	493.763705	93.327229	-15.707298	1.074709	33.195962
459	495.837867	92.939059	-15.696978	1.071422	34.719512
461	497.912405	92.652882	-15.680415	1.068316	33.413755
463	499.986803	92.680351	-15.697533	1.065847	34.966136
465	502.061235	92.850232	-15.734687	1.062772	33.747705
467	504.135622	92.614648	-15.767813	1.058294	33.431052
469	506.209361	92.430855	-15.720777	1.055630	34.331447
471	508.283336	92.473398	-15.766134	1.051874	32.751674
473	510.357236	92.152054	-15.739071	1.048002	32.718028
475	512.431135	91.971518	-15.770777	1.045980	33.163828
477	514.505261	91.853097	-15.748612	1.041930	33.687362
479	516.579265	91.730100	-15.792399	1.038134	32.123226
481	518.654341	91.585780	-15.779728	1.034894	31.947535
483	520.729001	91.878156	-15.838401	1.031918	32.659945
485	522.804390	92.263936	-15.931690	1.026395	33.101320
487	524.879402	91.224056	-15.803388	1.021494	32.941965
489	526.954640	91.192686	-15.864608	1.019645	33.185023
491	529.029345	90.848891	-15.919326	1.015691	32.236041
493	531.103883	90.913188	-15.854043	1.011303	33.061327
495	533.178114	90.758753	-15.856040	1.007657	32.161604
497	535.251982	90.479256	-15.855133	1.002649	34.438062
499	537.326070	90.818814	-15.855377	1.001604	33.059594
501	539.400011	90.608701	-15.850398	0.998869	32.782304
503	541.474361	90.581256	-15.842936	0.996232	32.012720
505	543.548667	90.229101	-15.821760	0.992885	32.260992
507	545.622816	90.183919	-15.854459	0.989898	31.590060
509	547.696974	90.072681	-15.855386	0.987084	31.653975
511	549.770673	89.955205	-15.877665	0.984385	31.606163
513	551.844035	89.892250	-15.824894	0.980897	31.210900
515	553.917291	89.626981	-15.808796	0.976249	32.482564
517	555.990165	90.355600	-15.873538	0.972887	31.144815
519	558.063533	89.856948	-15.860157	0.967966	31.040759
521	560.137055	89.535692	-15.851271	0.963808	30.677170
523	562.210471	89.462337	-15.807743	0.960589	30.443395
525	564.284207	89.354687	-15.831274	0.957057	31.613027
527	566.358313	88.965242	-15.757684	0.953970	31.965922
529	568.432090	88.478521	-15.741579	0.948851	30.274302
531	570.506346	88.738717	-15.804468	0.948501	32.424136
533	572.580629	88.936995	-15.793697	0.945656	31.007686
535	574.654628	88.240339	-15.762699	0.939838	30.477649
537	576.728572	88.758653	-15.790916	0.939544	30.930085
539	578.802560	88.690889	-15.811459	0.935871	30.016500
541	580.876407	88.295815	-15.827298	0.933452	31.021518
543	582.950800	88.201909	-15.735421	0.929613	30.484958
545	585.025147	88.112022	-15.771815	0.925766	32.216782
547	587.099572	88.223818	-15.762872	0.922212	30.177813
549	589.174224	87.824557	-15.746070	0.918840	30.891312
551	591.249190	87.647412	-15.728462	0.916343	29.936552
553	593.324268	87.716557	-15.711442	0.912751	29.547693
555	595.399222	87.262698	-15.751219	0.908297	30.091192
557	597.474301	87.600342	-15.700091	0.904510	29.669921
559	599.548804	87.304236	-15.682343	0.901735	30.618677
561	601.623011	87.520383	-15.699247	0.898874	29.962365
563	603.697207	87.382815	-15.693167	0.894381	30.843410
565	605.770927	87.243285	-15.711466	0.889932	29.701891
567	607.844705	87.436143	-15.660018	0.889017	29.622217
569	609.918761	87.083829	-15.622918	0.886326	29.432941
571	611.993050	86.673192	-15.551049	0.882883	29.562459
573	614.066945	86.115396	-15.542938	0.878608	29.962923
575	616.141189	86.644057	-15.612477	0.877996	29.955549
577	618.214950	87.131348	-15.683787	0.874640	30.065431
579	620.288816	86.022531	-15.525047	0.871052	29.366965
581	622.362031	86.356013	-15.542547	0.868966	28.793812
583	624.435094	86.091104	-15.480383	0.865625	30.348705
585	626.508273	85.876090	-15.516704	0.861895	29.888031
587	628.581803	85.856086	-15.429168	0.856886	28.298821
589	630.654798	85.616774	-15.383345	0.853302	30.172033
591	632.728106	85.898712	-15.419165	0.850109	29.191787
593	634.801473	85.741195	-15.396405	0.847132	28.570864
595	636.875349	85.326496	-15.320534	0.844272	29.581568
597	638.949178	85.572735	-15.323562	0.840700	29.231250
599	641.023193	85.524242	-15.360616	0.838743	27.750714
601	643.097168	85.244470	-15.281525	0.836334	28.456301
603	645.170883	85.847514	-15.450482	0.834041	28.593311
605	647.244955	85.055579	-15.232971	0.830079	28.117421
607	649.319002	85.192612	-15.272850	0.826742	28.657130
609	651.392949	84.745407	-15.161636	0.824187	28.296775
611	653.467298	84.558299	-15.150928	0.820394	28.565914
613	655.541922	84.588975	-15.140424	0.817781	28.851259
615	657.616169	84.327853	-15.144128	0.815869	27.501989
617	659.690709	84.121659	-15.061840	0.812541	27.339106
619	661.765302	84.155829	-15.054722	0.809990	28.462648
621	663.840238	83.986778	-14.984499	0.806709	27.272875
623	665.915109	83.898380	-15.067443	0.803863	27.237386
625	667.989700	83.253559	-14.904026	0.796532	27.992978
627	670.064121	84.285221	-15.093640	0.796766	28.057535
629	672.138523	84.222755	-15.123066	0.793223	27.006995
631	674.212478	83.700520	-14.984725	0.791623	27.889002
633	676.286535	83.364256	-14.836832	0.786432	28.005235
635	678.360279	83.595630	-14.865368	0.785089	28.270186
637	680.434109	83.420735	-14.869638	0.782254	27.634041
639	682.508169	83.115137	-14.730335	0.778910	28.450140
641	684.581951	83.897707	-14.890958	0.775746	28.229171
643	686.655972	83.446683	-14.833239	0.774755	27.752618
645	688.729627	82.501929	-14.720968	0.772385	27.206788
647	690.803343	82.464738	-14.725584	0.770705	26.514046
649	692.876783	82.636243	-14.649813	0.767218	27.035592
651	694.949991	82.882555	-14.707524	0.764507	26.632896
653	697.023449	82.301622	-14.577477	0.760790	27.070193
655	699.096471	82.718016	-14.666636	0.757914	27.285300
657	701.169348	82.543672	-14.584792	0.754779	27.212495
659	703.242839	82.083309	-14.499096	0.750421	26.862266
661	705.316178	82.001803	-14.457947	0.747017	26.854932
663	707.389515	81.895500	-14.454870	0.744082	25.907017
665	709.463112	82.208957	-14.542549	0.741963	26.166627
667	711.537129	81.587788	-14.383942	0.738693	26.741527
669	713.610597	81.600034	-14.409988	0.736700	26.685397
671	715.684192	82.092861	-14.505445	0.734739	26.790777
673	717.758411	81.735678	-14.373445	0.731807	26.151676
675	719.832107	81.552081	-14.379942	0.729323	25.341618
677	721.906237	81.000862	-14.202498	0.724474	26.308360
679	723.980325	81.794891	-14.371208	0.722683	25.405617
681	726.054646	81.435952	-14.252242	0.720898	25.993291
683	728.128956	80.589636	-14.058955	0.717374	26.400148
685	730.203294	80.583317	-14.079261	0.714823	26.353638
687	732.277919	80.478877	-14.011695	0.712179	26.473915
689	734.352528	80.535929	-14.012302	0.710363	25.998970
691	736.427161	80.430916	-14.001879	0.707511	26.195953
693	738.501816	80.180068	-13.944074	0.704739	26.270622
695	740.576258	80.024986	-13.877245	0.700857	25.929321
697	742.650637	79.349166	-13.830821	0.694707	25.836038
699	744.724647	80.140298	-13.885125	0.696091	26.214899
701	746.798524	80.325551	-13.913117	0.692782	26.164301
703	748.872541	80.155215	-13.857218	0.690092	25.753998
705	750.946363	80.084997	-13.830389	0.687308	24.988021
707	753.020314	79.892014	-13.786265	0.685361	24.807817
709	755.093974	79.891505	-13.747806	0.682342	26.454466
711	757.167671	79.945400	-13.765656	0.680220	25.137335
713	759.241988	79.230378	-13.625419	0.677406	25.243140
715	761.315537	79.391053	-13.587193	0.676115	25.312010
717	763.389330	79.441569	-13.646848	0.673474	25.542152
719	765.462761	78.797711	-13.477165	0.670923	24.823548
721	767.536099	78.631034	-13.536344	0.667025	24.866888
723	769.609630	78.888086	-13.474642	0.666588	24.754807
725	771.682823	79.517722	-13.619053	0.663447	26.820381
727	773.755587	78.389057	-13.339313	0.658223	24.400014
729	775.828935	78.327308	-13.307093	0.656338	24.417533
731	777.902067	78.155241	-13.259700	0.653373	24.734402
733	779.975615	78.386915	-13.287986	0.651344	23.990567
735	782.048875	77.934173	-13.182261	0.646102	23.991037
737	784.122209	78.060470	-13.179541	0.645004	24.323846
739	786.195745	77.910144	-13.147812	0.642036	24.133970
741	788.269304	78.266237	-13.180002	0.640678	23.869620
743	790.343328	77.899453	-13.106734	0.637724	24.108736
745	792.417256	77.596895	-13.100864	0.636645	24.416393
747	794.491127	77.856493	-13.064578	0.633707	23.797667
749	796.564815	77.932132	-13.050189	0.631264	24.086432
751	798.639039	77.485567	-12.951827	0.628226	23.927889
753	800.713408	77.157565	-12.850126	0.626702	24.171502
755	802.787783	77.123047	-12.817945	0.624582	24.933259
757	804.861728	76.852479	-12.788600	0.622363	23.184296
759	806.936075	76.900018	-12.780043	0.621503	23.034929
761	809.010770	76.816447	-12.718164	0.617829	23.198037
763	811.085154	76.822778	-12.677801	0.614884	23.407437
765	813.159554	76.870733	-12.628593	0.612340	24.118557
767	815.233939	76.285636	-12.567374	0.608658	22.675077
769	817.308059	76.753061	-12.613008	0.608335	22.788312
771	819.382257	76.210892	-12.441000	0.604408	22.990642
773	821.456173	76.242672	-12.424242	0.601525	23.701407
775	823.529853	76.049282	-12.381525	0.599329	23.234746
777	825.604139	76.146838	-12.365322	0.597188	22.806404
779	827.677461	76.119407	-12.337541	0.595507	22.849084
781	829.751184	75.686787	-12.244101	0.593496	23.907815
783	831.825123	75.864945	-12.229445	0.591405	22.460013
785	833.898859	75.923937	-12.250745	0.589575	22.674836
787	835.972380	76.125561	-12.278930	0.587879	23.450831
789	838.046046	75.190737	-12.098450	0.585365	22.544221
791	840.119795	75.749266	-12.148609	0.584226	21.890367
793	842.192818	74.952920	-11.975526	0.579138	22.368077
795	844.265882	80.040507	-16.201737	0.564150	22.993518
797	846.339603	75.172474	-11.966461	0.577613	22.319951
799	848.412557	74.971486	-11.856464	0.574534	22.026074
801	850.485628	75.139668	-11.838659	0.572355	21.972233
803	852.558982	74.735592	-11.798681	0.569039	22.210504
805	854.632196	75.181611	-11.861272	0.568707	22.183754
807	856.705302	75.451327	-11.869524	0.565787	22.231603
809	858.778473	74.703754	-11.699581	0.562588	21.794738
811	860.852016	74.353376	-11.600876	0.558396	22.052497
813	862.925429	74.258421	-11.569642	0.557206	21.463206
815	864.999011	74.288121	-11.556545	0.556376	22.522397
817	867.072733	74.244898	-11.486168	0.553126	21.359792
819	869.146305	74.441920	-11.491649	0.552404	21.985524
821	871.220006	74.264225	-11.407042	0.549600	21.444703
823	873.294321	74.126824	-11.372197	0.547858	21.281861
825	875.368342	73.869017	-11.315881	0.545126	22.289653
827	877.442211	73.536376	-11.297092	0.541534	21.242010
829	879.516250	74.220519	-11.362637	0.542799	21.838042
831	881.590758	73.691447	-11.183575	0.539018	21.457122
833	883.664914	73.378464	-11.128203	0.536802	21.199088
835	885.739200	73.624463	-11.151669	0.536298	20.665023
837	887.813412	73.147855	-11.037455	0.532756	21.389869
839	889.887185	73.374666	-11.008413	0.532245	21.620246
841	891.961631	73.283871	-11.012217	0.529772	20.868655
843	894.035457	73.263025	-10.980201	0.527928	20.673797
845	896.109493	73.181437	-10.928620	0.525467	20.987797
847	898.182773	73.224699	-10.911344	0.523549	21.258784
849	900.256846	73.011021	-10.819585	0.520860	20.724655
851	902.330379	72.719134	-10.794105	0.519871	20.711852
853	904.404005	72.653429	-10.753998	0.518195	21.144838
855	906.477644	71.977038	-10.650588	0.510832	20.779738
857	908.551393	72.309340	-10.632118	0.513267	19.971090
859	910.624730	72.170285	-10.572315	0.510406	19.719982
861	912.698408	72.515288	-10.654404	0.512595	19.693130
863	914.771925	72.361797	-10.571055	0.509536	19.671213
865	916.845454	72.641066	-10.590417	0.507860	20.033294
867	918.918815	72.332205	-10.498933	0.506381	19.714595
869	920.992049	71.907867	-10.390457	0.503696	20.417797
871	923.065102	71.572925	-10.313249	0.500741	20.308480
873	925.138077	71.512607	-10.265642	0.498229	20.393277
875	927.211389	71.551124	-10.259414	0.497718	19.782024
877	929.284014	71.452977	-10.240640	0.496156	19.624790
879	931.357394	71.258524	-10.136091	0.492057	20.129189
881	933.430652	71.289198	-10.136944	0.491155	19.342823
883	935.503819	71.442344	-10.121564	0.490737	19.787946
885	937.577289	71.085243	-10.092004	0.486722	19.992342
887	939.650484	70.683123	-10.011412	0.481384	19.823755
889	941.723982	70.848262	-9.977362	0.482884	19.864483
891	943.797527	70.830373	-9.951323	0.480444	19.104000
893	945.871323	70.810845	-9.881084	0.479744	19.423556
895	947.944862	70.753662	-9.865205	0.478442	19.721408
897	950.019185	70.551277	-9.827130	0.476329	19.314587
899	952.092730	71.131236	-9.918848	0.476138	19.746177
901	954.166723	70.426114	-9.742005	0.473173	18.922792
903	956.240981	70.209571	-9.674380	0.470289	19.235331
905	958.314967	70.173612	-9.649497	0.469494	19.075747
907	960.389302	70.096637	-9.623940	0.468327	18.864590
909	962.463146	70.157319	-9.602076	0.467915	18.541152
911	964.537422	70.239885	-9.644944	0.467147	18.216126
913	966.611577	70.131455	-9.555908	0.465439	19.457435
915	968.685346	69.826299	-9.508436	0.461339	19.196521
917	970.759430	69.695861	-9.454354	0.459763	18.625824
919	972.832964	69.186068	-9.397198	0.451554	18.849328
923	976.980385	69.574936	-9.369804	0.455290	18.840079
925	979.054085	69.272117	-9.307328	0.451661	17.945777
927	981.127746	69.580457	-9.320996	0.453672	18.122195
929	983.201007	69.249821	-9.242956	0.450101	18.527352
931	985.274602	69.004872	-9.216128	0.445651	18.174726
933	987.348497	69.782249	-9.330909	0.448864	17.833629
935	989.422164	69.127212	-9.135445	0.447354	19.044864
937	991.495248	68.775453	-9.090550	0.443014	17.995535
939	993.569146	69.083190	-9.094885	0.445298	18.514373
941	995.642420	68.796378	-9.043361	0.443423	18.534520
943	997.715509	69.274710	-8.726822	0.409679	17.997796
945	999.788919	68.763248	-8.828710	0.413578	18.194863
947	1001.861933	71.660860	-6.028190	0.407256	18.632352
949	1003.934868	68.425618	-8.888873	0.435904	17.964256
951	1006.008569	68.259019	-8.848429	0.432884	17.641529
953	1008.081423	68.333578	-8.821898	0.432241	18.028691
955	1010.154540	68.209334	-8.769926	0.430288	17.656301
957	1012.227912	68.142502	-8.744026	0.427611	18.236367
959	1014.301313	68.065309	-8.700737	0.426975	17.400193
961	1016.374519	67.671471	-8.678206	0.420102	17.608166
963	1018.448135	68.081187	-8.703007	0.424715	17.879436
965	1020.521428	68.051109	-8.624837	0.423519	17.782281
967	1022.595252	67.692191	-8.572203	0.420744	17.421808
969	1024.668951	67.637971	-8.545418	0.418431	18.237929
971	1026.742342	67.796691	-8.555127	0.419400	17.690148
973	1028.816201	67.724169	-8.533187	0.418009	17.380404
975	1030.890230	67.029264	-8.460815	0.407901	17.750186
977	1032.963979	67.403477	-8.436971	0.412857	17.601334
979	1035.038182	67.259898	-8.409329	0.411947	17.201282
981	1037.112098	67.425988	-8.387475	0.412461	16.835849
983	1039.186305	67.160844	-8.330727	0.409661	16.965797
985	1041.259998	67.025801	-8.301253	0.407506	16.409827
987	1043.333985	66.888091	-8.251007	0.405568	17.057751
989	1045.407905	66.791859	-8.230129	0.404575	17.029772
991	1047.481870	66.865191	-8.225546	0.403933	16.386813
993	1049.555855	66.980191	-8.233915	0.403293	16.511887
995	1051.629464	66.980211	-8.207119	0.402618	16.716193
997	1053.702962	66.808093	-8.179768	0.400900	16.560255
999	1055.776439	66.681102	-8.132577	0.398744	16.720363
1001	1057.850098	66.494148	-8.074265	0.396366	16.319549
1003	1059.923736	66.212783	-8.038028	0.393432	16.050567
1005	1061.997381	66.442266	-8.023261	0.395052	16.837952
1007	1064.070423	66.313273	-7.968208	0.392488	16.313110
1009	1066.144592	66.397222	-7.971458	0.392484	16.231171
1011	1068.217555	66.202601	-7.923954	0.391407	16.042820
1013	1070.291198	66.168062	-7.890239	0.390542	16.086509
1015	1072.365136	66.208621	-7.891284	0.389466	16.573622
1017	1074.438129	65.710476	-7.804028	0.386093	16.080460
1019	1076.511635	65.847260	-7.832150	0.387304	15.771797
1021	1078.584464	65.282592	-7.713253	0.377590	16.590088
1023	1080.657706	65.523405	-7.680035	0.381954	16.498988
1025	1082.731384	65.483640	-7.708387	0.381880	15.457391
1027	1084.803996	65.451408	-7.648060	0.378179	15.809850
1029	1086.877055	65.458791	-7.617486	0.378552	16.072765
1031	1088.950251	65.019645	-7.556701	0.370674	16.388724
1033	1091.023685	65.285595	-7.541131	0.375294	16.178088
1035	1093.097117	65.568463	-7.594963	0.376757	15.670725
1037	1095.170459	65.071663	-7.470936	0.373022	16.249704
1039	1097.243612	64.742341	-7.447635	0.355025	16.106444
1043	1101.390763	64.833831	-7.363599	0.369193	15.761074
1045	1103.464759	64.728136	-7.314085	0.366921	15.959357
1047	1105.538013	64.723748	-7.296721	0.367929	15.983474
1049	1107.611826	64.440389	-7.251934	0.362774	15.723910
1051	1109.685670	64.501644	-7.198504	0.363818	15.796786
1053	1111.759727	64.738791	-7.235960	0.365818	15.901980
1055	1113.833326	64.420138	-7.167861	0.363003	15.305141
1057	1115.907397	64.389082	-7.131978	0.361562	15.711087
1059	1117.981127	64.087098	-7.092423	0.357599	15.195101
1061	1120.055003	64.140903	-7.062779	0.359201	15.106273
1063	1122.128919	64.011476	-7.010448	0.356173	14.672678
1065	1124.202485	63.669327	-6.998329	0.348300	15.497434
1067	1126.276495	64.098540	-7.004761	0.357079	15.167544
1069	1128.350044	64.009863	-6.979923	0.356295	15.300967
1071	1130.423760	63.758959	-6.916731	0.353434	15.389879
1073	1132.497616	63.808148	-6.910548	0.352205	14.915174
1075	1134.571237	63.587625	-6.852846	0.349715	14.829548
1077	1136.644595	64.105239	-6.954606	0.353361	15.061758
1079	1138.717849	63.430382	-6.812525	0.348853	14.429278
1081	1140.791785	63.658569	-6.819454	0.350421	15.339349
1083	1142.865070	63.285211	-6.738049	0.345431	15.021738
1085	1144.938038	63.200127	-6.722126	0.346145	14.237918
1087	1147.012024	63.597154	-6.774589	0.348607	14.908450
1089	1149.085505	63.146068	-6.682049	0.344189	14.495442
1091	1151.158836	62.921125	-6.612735	0.341654	14.567365
1093	1153.231991	62.906528	-6.587322	0.340502	14.524300
1095	1155.305386	62.815272	-6.554667	0.338357	14.320031
1097	1157.378599	62.675717	-6.532738	0.339045	14.942018
1099	1159.451970	62.751488	-6.521150	0.337421	14.470561
1101	1161.524872	62.528798	-6.457375	0.336468	14.446665
1103	1163.598046	62.679773	-6.451324	0.335740	14.223982
1105	1165.671615	62.563815	-6.422616	0.336247	14.641347
1107	1167.744646	62.922866	-6.511432	0.338376	14.422503
1109	1169.817920	62.385016	-6.340619	0.332492	14.356096
1111	1171.891270	62.229707	-6.289850	0.330205	14.659171
1113	1173.964431	62.374715	-6.296649	0.333084	14.005536
1115	1176.038417	62.188613	-6.238041	0.329156	14.237456
1117	1178.111549	62.092860	-6.208455	0.328496	13.771102
1119	1180.185206	62.157112	-6.194029	0.329958	14.138395
1121	1182.258351	62.278158	-6.184203	0.329495	13.791319
1123	1184.332385	61.996986	-6.138356	0.326662	14.582963
1125	1186.405786	61.760687	-6.093095	0.324525	13.843757
1127	1188.479581	61.928151	-6.092301	0.325908	14.048237
1129	1190.553121	61.841540	-6.030231	0.324091	13.692374
1131	1192.627624	61.710516	-6.024546	0.323075	13.849981
1133	1194.701018	61.619592	-6.000667	0.322679	13.685361
1135	1196.775167	61.496231	-5.963847	0.321275	13.761477
1137	1198.848243	61.405720	-5.913876	0.319218	13.813986
1139	1200.922431	61.396811	-5.900562	0.317782	14.071567
1141	1202.996067	61.542694	-5.913354	0.320823	13.444889
1143	1205.069736	61.222154	-5.829650	0.316460	13.739735
1145	1207.143253	61.051303	-5.803318	0.314432	13.979456
1147	1209.217281	61.097464	-5.789553	0.315640	13.773317
1149	1211.290370	61.032144	-5.749564	0.313162	13.552616
1151	1213.363987	61.289919	-5.783164	0.316451	13.273132
1153	1215.437057	60.675719	-5.677637	0.310667	13.354097
1155	1217.510681	61.111693	-5.728592	0.314426	14.042215
1157	1219.583901	60.383157	-5.689988	0.305012	13.398807
1159	1221.657513	60.588901	-5.605416	0.308061	13.591937
1161	1223.731361	60.634016	-5.570940	0.308512	12.975403
1163	1225.804313	60.616896	-5.586338	0.308184	13.504648
1165	1227.878194	60.296622	-5.531109	0.303342	13.027953
1167	1229.951505	60.331086	-5.510789	0.306408	13.437762
1169	1232.024720	60.322321	-5.478592	0.306731	12.976021
1171	1234.097739	60.968888	-5.700792	0.308981	13.013712
1175	1238.244683	60.373188	-5.445602	0.306136	13.113787
1177	1240.318093	59.884964	-5.350889	0.301261	12.850853
1179	1242.391176	59.989100	-5.310262	0.300013	13.416519
1181	1244.464265	59.864906	-5.273922	0.280530	13.597472
1183	1246.537455	62.782961	-2.342001	0.274808	13.038637
1185	1248.610901	59.662494	-5.231940	0.299467	13.286011
1187	1250.683682	59.548408	-5.172581	0.293659	13.006276
1189	1252.757547	59.586081	-5.156321	0.296975	13.837756
1191	1254.830678	59.567509	-5.126434	0.297461	13.143147
1193	1256.904099	59.491958	-5.088161	0.296510	13.458544
1195	1258.977704	59.468951	-5.068752	0.296983	12.362153
1197	1261.051206	59.204208	-5.036222	0.291632	12.756452
1199	1263.124797	59.440053	-5.021396	0.295923	12.708401
1201	1265.198846	59.020636	-4.974028	0.290023	12.990021
1203	1267.271951	59.040525	-4.933960	0.291206	12.841419
1205	1269.346314	58.805359	-4.919008	0.288161	12.733726
1207	1271.419832	58.844770	-4.886116	0.287184	12.460749
1209	1273.493738	58.904774	-4.863413	0.288307	12.244875
1211	1275.567089	58.806131	-4.836841	0.288553	12.352926
1213	1277.640698	58.690878	-4.836833	0.288287	12.117924
1215	1279.714651	58.538754	-4.799609	0.286304	13.170216
1217	1281.788687	58.405234	-4.759470	0.281933	12.071045
1219	1283.861882	58.559892	-4.751471	0.286365	12.245985
1221	1285.935034	58.892218	-4.801134	0.289119	12.471400
1223	1288.008712	58.392372	-4.710158	0.283258	12.236622
1225	1290.082175	58.324693	-4.708362	0.284901	12.156455
1227	1292.155932	58.227284	-4.642526	0.282151	12.085666
1229	1294.228697	58.091359	-4.623066	0.277140	12.566107
1231	1296.302520	58.017459	-4.580691	0.280203	12.225874
1233	1298.375896	58.307654	-4.618558	0.285105	11.902447
1235	1300.449765	58.024481	-4.521682	0.280871	11.950978
1237	1302.523001	57.921845	-4.487968	0.280769	12.232737
1239	1304.596596	57.812479	-4.470394	0.280474	11.959339
1241	1306.669794	57.744256	-4.444554	0.279217	11.834320
1243	1308.743610	57.377175	-4.429894	0.272858	11.779504
1245	1310.816450	57.508560	-4.391457	0.275873	11.465584
1247	1312.889707	57.409247	-4.362531	0.274457	11.833724
1249	1314.963436	57.406666	-4.338528	0.274699	12.144126
1251	1317.036401	57.585085	-4.375734	0.279642	11.705289
1253	1319.109051	57.318535	-4.283294	0.274218	12.592521
1255	1321.182419	57.347324	-4.276892	0.276090	12.374766
1257	1323.256306	57.292522	-4.263893	0.272651	11.536522
