num crossings	time (s)	maj axis (mm)	min axis (mm)	theta (rad )	slope (V/s)
1321	1394.166879	122.915334	1.436336	1.561211	53.499329
1323	1396.242905	123.375288	1.362213	1.559811	55.533492
1325	1398.317471	122.711047	1.306910	1.561450	58.801668
1327	1400.392648	122.357776	1.183936	1.561200	58.912356
1329	1402.467439	122.671281	1.128254	1.560114	57.242571
1331	1404.542708	122.587608	1.082976	1.560065	55.469369
1333	1406.617288	122.822256	0.937503	1.559098	57.270066
1335	1408.691719	122.200376	0.824212	1.559824	55.191545
1337	1410.766045	121.714641	0.807930	1.560900	57.727070
1339	1412.840027	121.512857	0.695113	1.560508	54.996797
1341	1414.914258	121.371656	0.631470	1.562048	54.135876
1343	1416.988309	121.507846	0.556391	1.561699	53.432391
1345	1419.062612	120.315471	0.431562	1.562264	53.488961
1347	1421.137357	121.228227	0.315960	1.561108	53.777205
1349	1423.212317	121.177007	0.204106	1.560724	53.021220
1351	1425.288302	120.184584	0.176237	1.560220	53.061318
1353	1427.364000	120.096730	0.036916	1.560350	54.278442
1355	1429.439379	119.613058	-0.023079	1.561267	53.345202
1357	1431.514703	119.732465	-0.145291	1.559352	53.376941
1359	1433.589730	119.566166	-0.151898	1.559362	50.953477
1361	1435.664570	119.814084	-0.343985	1.557436	51.590479
1363	1437.739151	120.531508	-0.483460	1.557171	52.776219
1365	1439.813625	119.557124	-0.553912	1.558253	55.039316
1367	1441.888588	119.438495	-0.588499	1.557289	53.224983
1369	1443.963272	119.591129	-0.769261	1.557430	50.097679
1371	1446.038132	118.559330	-0.780895	1.557751	51.878566
1373	1448.112823	118.000617	-0.851096	1.558468	50.481108
1375	1450.187418	118.081010	-0.936829	1.558210	50.987045
1377	1452.262018	117.910767	-1.006575	1.558633	52.384577
1379	1454.336081	118.279664	-1.159748	1.557872	50.072123
1381	1456.410059	119.013256	-1.325060	1.555728	51.132861
1383	1458.483491	117.686101	-1.286975	1.555254	51.542529
1385	1460.557350	117.058197	-1.358398	1.553049	49.523824
1387	1462.631346	119.159104	-2.728539	1.544363	50.348048
1389	1464.705725	116.816006	-1.580964	1.551495	52.014078
1391	1466.780604	116.327606	-1.643178	1.552670	50.001989
1393	1468.855962	116.400861	-1.778041	1.551675	49.535965
1395	1470.930941	116.697566	-1.875589	1.552449	49.556006
1397	1473.005936	116.088119	-1.908286	1.552041	50.731194
1399	1475.080746	117.299685	-3.462565	1.540823	50.365880
1401	1477.155710	115.733113	-2.072376	1.550177	49.021803
1403	1479.230187	115.741126	-2.201725	1.549256	49.621237
1405	1481.304981	115.488827	-2.235608	1.549926	49.152171
1407	1483.378963	115.327695	-2.304490	1.548390	49.721704
1409	1485.453094	115.204656	-2.380525	1.548816	47.849602
1411	1487.527240	115.050211	-2.473249	1.548646	48.938683
1413	1489.601013	114.285020	-2.528947	1.548771	48.814397
1415	1491.675311	115.096216	-2.748561	1.548450	49.799607
1417	1493.750055	114.508987	-2.702371	1.546449	50.271964
1419	1495.824899	114.420654	-2.831361	1.545630	49.058509
1421	1497.900294	114.146278	-2.890398	1.544703	48.895148
1423	1499.975683	113.666652	-2.982608	1.543803	49.469361
1425	1502.051422	114.041099	-3.142286	1.542246	47.744300
1427	1504.126235	113.711389	-3.208688	1.541558	47.183591
1429	1506.201254	112.326080	-3.208608	1.541987	49.273986
1431	1508.276082	113.394421	-3.333976	1.538154	48.879441
1433	1510.350616	112.775746	-3.443610	1.537261	47.173973
1435	1512.425038	113.144210	-3.545460	1.538023	47.887640
1437	1514.499578	112.509309	-3.576480	1.537792	46.055415
1439	1516.574142	112.525039	-3.669453	1.536668	47.036696
1441	1518.648844	112.086384	-3.746120	1.536396	45.854285
1443	1520.723163	111.907511	-3.810592	1.536193	47.560719
1445	1522.797484	112.329299	-3.951573	1.535010	45.547011
1447	1524.871786	111.971543	-4.031793	1.534967	49.506951
1449	1526.945260	111.818462	-4.117922	1.532780	47.151867
1451	1529.019096	111.809947	-4.174314	1.530797	46.857908
1453	1531.092750	111.899011	-4.263149	1.528601	47.090943
1455	1533.166263	111.311838	-4.301130	1.525153	48.684749
1457	1535.240260	110.609110	-4.417034	1.524532	46.621168
1459	1537.314629	110.418908	-4.413589	1.525479	45.003567
1461	1539.389192	110.223188	-4.507853	1.525414	45.506951
1463	1541.463988	110.395623	-4.575930	1.522846	44.795721
1465	1543.538841	110.028580	-4.677901	1.523053	45.125022
1467	1545.613676	109.770730	-4.747343	1.520944	45.343071
1469	1547.688284	109.695317	-4.815914	1.520434	46.667554
1471	1549.762915	109.824004	-4.918497	1.519594	44.420068
1473	1551.837244	109.715659	-4.984490	1.518602	44.967226
1475	1553.911693	109.509346	-5.031133	1.517666	45.530110
1477	1555.985469	109.172353	-5.138665	1.516820	45.178002
1479	1558.059854	109.241197	-5.201758	1.515318	43.903379
1481	1560.133813	108.782871	-5.279306	1.514380	44.433449
1483	1562.208099	108.739909	-5.371345	1.513144	45.406546
1485	1564.282531	108.674148	-5.454644	1.512374	43.365531
1487	1566.357493	108.476199	-5.543272	1.509699	45.035458
1489	1568.432600	108.264037	-5.620558	1.508942	45.716749
1491	1570.507873	107.990030	-5.676305	1.507614	44.675930
1493	1572.583141	107.979243	-5.779284	1.506236	44.438060
1495	1574.658375	107.641678	-5.839155	1.505221	44.820784
1497	1576.733111	107.510293	-5.907382	1.503185	43.124209
1499	1578.808054	107.333343	-6.020579	1.501475	45.818452
1501	1580.882624	107.301734	-6.100903	1.500155	43.857125
1503	1582.957063	107.056718	-6.158229	1.498280	45.180643
1505	1585.031399	106.995922	-6.259685	1.497755	44.012692
1507	1587.105991	107.110519	-6.384520	1.496459	45.647661
1509	1589.180371	106.394804	-6.393904	1.496324	42.439450
1511	1591.254624	106.357009	-6.469125	1.494729	44.240208
1513	1593.328687	106.279048	-6.567281	1.494358	43.244127
1515	1595.402549	105.846732	-6.600016	1.493614	45.319123
1517	1597.476209	106.184574	-6.764286	1.490808	43.639997
1519	1599.550289	105.840592	-6.764285	1.488900	43.234673
1521	1601.623607	105.826975	-6.866452	1.486016	43.445058
1523	1603.697376	105.330725	-6.967890	1.481854	42.931834
1525	1605.771371	105.321364	-6.976678	1.481621	43.191603
1527	1607.845766	105.896301	-7.142467	1.480219	41.682647
1529	1609.919888	104.613047	-7.123037	1.480677	42.511090
1531	1611.994456	104.410639	-7.212775	1.478077	41.476439
1533	1614.069061	104.418856	-7.270824	1.477252	41.469065
1535	1616.143567	104.625300	-7.372336	1.475786	44.503032
1537	1618.218024	104.640959	-7.484137	1.474389	41.010316
1539	1620.292690	104.159559	-7.487257	1.472938	41.105185
1541	1622.366830	103.871086	-7.634062	1.470841	41.509531
1543	1624.440979	103.685537	-7.656535	1.469107	43.317010
1545	1626.515253	103.652990	-7.780714	1.467967	43.393827
1547	1628.589254	103.847499	-7.834191	1.466286	42.378121
1549	1630.663525	103.081772	-7.973783	1.465146	41.121749
1551	1632.737799	103.328535	-8.045260	1.463273	42.183170
1553	1634.812514	103.460327	-8.153347	1.460855	42.922931
1555	1636.887238	102.614984	-8.179708	1.459283	41.580657
1557	1638.962351	102.898942	-8.299687	1.457397	42.630824
1559	1641.037282	102.472070	-8.350217	1.455276	42.350665
1561	1643.112528	102.662738	-8.442183	1.453111	40.951697
1563	1645.187617	102.535370	-8.516117	1.450684	42.382745
1565	1647.262269	102.332803	-8.580135	1.450018	40.856441
1567	1649.336856	101.793199	-8.676405	1.447613	40.300766
1569	1651.411528	102.023124	-8.733867	1.445374	41.775303
1571	1653.485861	101.650763	-8.769231	1.443861	40.699562
1573	1655.560245	101.711111	-8.885769	1.442203	40.535397
1575	1657.634267	101.588863	-8.940758	1.441615	40.221658
1577	1659.708182	101.185717	-9.051877	1.438170	41.680266
1579	1661.782887	101.007818	-9.076972	1.437141	40.990935
1581	1663.856346	101.287755	-9.165639	1.435484	40.564553
1583	1665.930086	101.005314	-9.215188	1.433732	40.950859
1585	1668.003633	100.705716	-9.343369	1.430520	40.700162
1587	1670.077123	100.410152	-9.415923	1.427589	41.248982
1589	1672.150784	100.783227	-9.468614	1.424918	40.500227
1591	1674.224243	100.180123	-9.583586	1.422112	40.966955
1593	1676.298061	99.907332	-9.596531	1.420516	39.446651
1595	1678.371990	100.018693	-9.680100	1.419285	39.872299
1597	1680.446524	99.822605	-9.720457	1.417611	39.161979
1599	1682.520513	99.751281	-9.848969	1.415651	40.019681
1601	1684.594791	99.518890	-9.922126	1.414224	40.357790
1603	1686.669249	99.842555	-10.022619	1.412452	39.480004
1605	1688.743404	99.172096	-10.036655	1.410211	38.931548
1607	1690.817860	98.874712	-10.124027	1.408550	38.708873
1609	1692.892127	99.023623	-10.192569	1.406921	38.860407
1611	1694.965918	98.917059	-10.252261	1.405056	39.902764
1613	1697.040275	98.941753	-10.354914	1.402940	39.440177
1615	1699.114557	98.253053	-10.369932	1.400588	39.134707
1617	1701.188897	98.475225	-10.479958	1.398408	38.117453
1619	1703.263403	98.171867	-10.562769	1.394963	38.251824
1621	1705.337957	97.980543	-10.591646	1.393721	40.672415
1623	1707.413134	97.930282	-10.683221	1.391599	38.887272
1625	1709.488141	97.522653	-10.737096	1.388622	39.161675
1627	1711.563165	97.598433	-10.812974	1.387568	38.267179
1629	1713.637975	97.683253	-10.871320	1.385311	38.452955
1631	1715.712814	97.735217	-10.954184	1.383384	38.064254
1633	1717.787634	97.166930	-11.008131	1.380573	40.527266
1635	1719.862032	97.141543	-11.069546	1.377917	38.773421
1637	1721.936357	96.911664	-11.243065	1.375513	36.755376
1639	1724.010739	96.883184	-11.201578	1.373801	38.870488
1641	1726.085029	96.900917	-11.289334	1.371598	37.240132
1643	1728.158965	96.545402	-11.355228	1.369601	39.414499
1645	1730.232792	96.452020	-11.438637	1.367413	38.586536
1647	1732.307052	96.414458	-11.470790	1.364944	37.627997
1649	1734.380943	96.220717	-11.543037	1.362934	37.662467
1651	1736.454303	96.354138	-11.601300	1.360322	39.089018
1653	1738.527927	96.173726	-11.650367	1.358370	38.530397
1655	1740.601349	96.034259	-11.748822	1.354573	37.429973
1657	1742.675039	95.735530	-11.780919	1.350816	37.509689
1659	1744.748493	95.805136	-11.841296	1.348297	37.551043
1661	1746.822236	95.646327	-12.006772	1.345714	36.492432
1663	1748.896115	95.305426	-11.970033	1.343622	38.149267
1665	1750.969998	94.868913	-12.033103	1.340751	35.437905
1667	1753.044349	94.826904	-12.049603	1.338937	36.509215
1669	1755.118633	95.277034	-12.274891	1.336112	36.553963
1671	1757.192833	94.568226	-12.222997	1.333901	36.526257
1673	1759.267154	94.691309	-12.269558	1.332657	35.652817
1675	1761.341197	95.212549	-12.460450	1.328982	35.855777
1677	1763.415281	94.461020	-12.445096	1.327260	36.683507
1679	1765.489618	94.019107	-12.442337	1.324632	35.649800
1681	1767.563741	94.149015	-12.508865	1.321935	35.665837
1683	1769.638024	94.001684	-12.579766	1.319019	36.023440
1685	1771.712509	93.753055	-12.613412	1.317079	34.594723
1687	1773.787193	93.697678	-12.660151	1.314200	35.042460
1689	1775.861927	93.590596	-12.736954	1.312163	36.031990
1691	1777.936595	93.047893	-12.744571	1.309175	35.549588
1693	1780.011621	93.901980	-12.926004	1.307031	36.129082
1695	1782.086514	93.226288	-12.913922	1.304007	34.898780
1697	1784.161279	92.982236	-12.988351	1.300510	34.804144
1699	1786.236170	92.739497	-13.054078	1.297521	35.509019
1701	1788.310328	92.869492	-13.044707	1.297714	35.722440
1703	1790.383908	92.454663	-13.195657	1.292945	34.367967
1705	1792.458594	92.531089	-13.211628	1.289909	35.739299
1707	1794.532562	92.497200	-13.271044	1.288297	35.202324
1709	1796.606735	92.510680	-13.333588	1.285051	35.609745
1711	1798.680775	92.264441	-13.409567	1.282355	35.158310
1713	1800.754624	91.862934	-13.480527	1.278957	34.587366
1715	1802.828635	92.017491	-13.484891	1.277582	33.626087
1717	1804.902383	92.151704	-13.644491	1.274487	34.607633
1719	1806.977366	91.826028	-13.586180	1.271517	33.555620
1721	1809.050511	91.770452	-13.685696	1.268645	33.786548
1723	1811.124196	91.408878	-13.666917	1.265266	34.196655
1725	1813.197619	91.657969	-13.735548	1.261628	33.661436
1727	1815.271103	91.289816	-13.758067	1.258082	33.138601
1729	1817.344858	91.520085	-13.928292	1.254917	33.816742
1731	1819.418697	91.032628	-13.945408	1.251334	34.246226
1733	1821.492721	90.881933	-13.938136	1.249034	33.339325
1735	1823.566632	91.190431	-14.075702	1.246329	32.997078
1737	1825.640773	90.599841	-14.009361	1.244282	32.980876
1739	1827.714987	90.583490	-14.113089	1.241170	32.992343
1741	1829.789092	90.324869	-14.156995	1.238486	33.569554
1743	1831.862758	90.271432	-14.243327	1.235154	33.357934
1745	1833.936719	90.138106	-14.232588	1.233648	32.537421
1747	1836.010802	90.157391	-14.300172	1.229933	32.149761
1749	1838.084916	89.822809	-14.344250	1.227280	31.961700
1751	1840.159526	89.809235	-14.422553	1.223564	32.072862
1753	1842.234298	89.784922	-14.414321	1.221166	33.212353
1755	1844.308847	89.568948	-14.475796	1.217557	32.112057
1757	1846.383468	89.441376	-14.505067	1.215331	31.842174
1759	1848.458431	89.321289	-14.528538	1.212997	31.100329
1761	1850.533033	89.164965	-14.582941	1.209286	31.178921
1763	1852.607693	89.018489	-14.625426	1.206361	32.767078
1765	1854.682488	88.636983	-14.723364	1.202436	31.174743
1767	1856.757104	88.924025	-14.750182	1.199923	31.050861
1769	1858.831845	88.699246	-14.803361	1.196423	31.687322
1771	1860.906368	88.819437	-14.848214	1.193786	31.653325
1773	1862.980614	88.503199	-14.890611	1.190374	30.920977
1775	1865.054915	88.272744	-14.962079	1.185497	30.885658
1777	1867.128972	88.357099	-14.985582	1.185056	31.277611
1779	1869.202787	88.259502	-15.036630	1.181696	31.437474
1781	1871.276628	88.083874	-15.047646	1.178388	31.770324
1783	1873.350777	87.894555	-15.088212	1.173985	30.801283
1785	1875.424494	88.131415	-15.236786	1.172348	31.263523
1787	1877.497987	87.737539	-15.191544	1.168804	29.911643
1789	1879.572170	87.543815	-15.146028	1.165667	31.556555
1791	1881.645644	87.742313	-15.211787	1.163612	31.073766
1793	1883.719033	87.470384	-15.228494	1.158961	30.619940
1795	1885.792743	87.129172	-15.310996	1.153482	29.803873
1797	1887.866348	87.415730	-15.291501	1.151889	30.770167
1799	1889.939947	87.196911	-15.388138	1.147619	30.047689
1801	1892.013816	86.998442	-15.368901	1.144332	29.898358
1803	1894.087740	86.944424	-15.419643	1.140607	29.805552
1805	1896.161408	86.853326	-15.455857	1.137093	29.064145
1807	1898.235153	86.669664	-15.484848	1.134323	29.941030
1809	1900.309421	86.450708	-15.500219	1.131114	29.449871
1811	1902.383671	86.365607	-15.555449	1.128112	31.231060
1813	1904.457633	86.143937	-15.581152	1.125666	29.346078
1815	1906.531700	86.019626	-15.615946	1.120824	29.033203
1817	1908.605866	86.044528	-15.617995	1.119426	30.250866
1819	1910.680144	85.899548	-15.628868	1.116129	28.757207
1821	1912.754566	85.706905	-15.666103	1.112277	28.765126
1823	1914.828864	85.400871	-15.703611	1.110016	28.491761
1825	1916.903342	85.713795	-15.732162	1.106587	28.599982
1827	1918.977795	85.476302	-15.705342	1.103244	28.607390
1829	1921.052294	85.340026	-15.762925	1.099655	28.088901
1831	1923.127055	85.160266	-15.788935	1.096266	28.777037
1833	1925.201659	84.981694	-15.853196	1.093678	27.957259
1835	1927.276183	85.004601	-15.854931	1.089970	28.926446
1837	1929.350841	84.852599	-15.877651	1.086408	28.313292
1839	1931.425371	85.007399	-15.933703	1.083517	27.959556
1841	1933.499645	84.740436	-15.921302	1.079833	27.776721
1843	1935.573979	85.006555	-16.009042	1.076598	28.563197
1845	1937.648094	84.682338	-16.010631	1.071655	28.435946
1847	1939.720935	84.347477	-16.003017	1.069409	28.138310
1849	1941.796049	84.159976	-16.028193	1.065436	27.481621
1851	1943.870094	84.247755	-16.036670	1.064078	27.572439
1853	1945.944005	84.602334	-16.121429	1.061243	27.737511
1855	1948.017844	83.988291	-16.066524	1.055848	27.859508
1857	1950.091468	84.048786	-16.075103	1.054529	28.127285
1859	1952.165231	83.770932	-16.068004	1.050979	28.583142
1861	1954.238756	83.791721	-16.074506	1.047739	27.906482
1863	1956.312183	83.492268	-16.120767	1.044322	27.498409
1865	1958.385700	83.595775	-16.122484	1.039654	27.366776
1867	1960.459319	83.452911	-16.120464	1.035919	28.830848
1869	1962.532709	83.091514	-16.179031	1.030940	26.711223
1871	1964.606510	83.238498	-16.196320	1.028906	26.478604
1873	1966.680319	83.036089	-16.193333	1.025413	28.024621
1875	1968.753966	82.984146	-16.214345	1.021390	27.369827
1877	1970.827591	82.777321	-16.212886	1.018376	27.320667
1879	1972.901837	82.680095	-16.209812	1.014478	26.534113
1881	1974.975627	82.589111	-16.239250	1.012998	26.247404
1883	1977.049664	82.614626	-16.287865	1.009222	26.906448
1885	1979.123889	82.078393	-16.255432	1.004308	27.565489
1887	1981.197996	82.339102	-16.307131	1.002354	26.871881
1889	1983.272199	82.038739	-16.316240	0.999873	26.115470
1891	1985.346564	82.099957	-16.348132	0.996605	26.150036
1893	1987.420717	81.918537	-16.364976	0.993256	25.698327
1895	1989.495223	81.981091	-16.368148	0.989656	25.162715
1897	1991.569610	81.581476	-16.323443	0.986526	26.403752
1899	1993.644070	81.598743	-16.333015	0.983169	26.083317
1901	1995.718482	81.680658	-16.381988	0.980488	26.446857
1903	1997.793081	81.666369	-16.405321	0.976402	25.548775
1905	1999.867602	81.332289	-16.375851	0.973057	25.120601
1907	2001.941976	81.277157	-16.400928	0.969215	26.180821
1909	2004.016453	81.095873	-16.412784	0.965595	25.244437
1911	2006.090977	81.073539	-16.406657	0.961901	26.179815
1913	2008.164965	80.645328	-16.429595	0.959399	25.261393
1915	2010.239176	80.660426	-16.432249	0.956656	25.266756
1917	2012.313266	81.086872	-16.464945	0.952793	25.821454
1919	2014.387058	80.785210	-16.460742	0.949238	26.169082
1921	2016.461026	80.563917	-16.425092	0.945619	25.703554
1923	2018.534617	80.917638	-16.502009	0.943293	24.927842
1925	2020.608259	80.376187	-16.424263	0.939802	25.594882
1927	2022.682128	80.421009	-16.432908	0.937034	25.599845
1929	2024.755792	80.203196	-16.433937	0.933585	25.205081
1931	2026.829296	79.961819	-16.470323	0.930355	25.557229
1933	2028.902918	79.878768	-16.398362	0.927279	24.661733
1935	2030.976158	79.830820	-16.439816	0.923971	24.323443
1937	2033.049546	79.941919	-16.464205	0.920475	25.512574
1939	2035.123125	79.543487	-16.514594	0.913678	24.802753
1941	2037.196822	79.554487	-16.406759	0.911891	24.723403
1943	2039.270504	80.029285	-16.505344	0.909662	24.895157
1945	2041.344397	79.194929	-16.381690	0.904725	24.910150
1947	2043.417916	79.450655	-16.414960	0.902431	23.850026
1949	2045.491562	79.356339	-16.403444	0.899607	24.888665
1951	2047.565754	79.406042	-16.433153	0.896395	24.152235
1953	2049.639409	78.769444	-16.369906	0.893221	24.941543
1955	2051.713264	78.627095	-16.408865	0.888634	24.514748
1957	2053.787305	78.779569	-16.338274	0.887585	24.408530
1959	2055.861288	78.957993	-16.379951	0.881744	24.597908
1961	2057.935383	78.636098	-16.345155	0.879523	24.120154
1963	2060.009335	78.356675	-16.322983	0.876518	23.986791
1965	2062.083781	78.549780	-16.357307	0.874807	23.597185
1967	2064.158203	78.104773	-16.321742	0.871321	23.072058
1969	2066.232432	78.426045	-16.296211	0.868959	23.824806
1971	2068.306890	78.393544	-16.312923	0.865201	23.519445
1973	2070.380915	78.286979	-16.309265	0.862748	24.283809
1975	2072.455474	77.667864	-16.277057	0.857253	23.321129
1977	2074.529749	77.847816	-16.263655	0.855984	23.500512
1979	2076.604256	78.040046	-16.338603	0.853296	23.254346
1981	2078.678365	77.699737	-16.327158	0.849999	23.351183
1983	2080.752163	77.625685	-16.256979	0.846223	24.388001
1985	2082.826591	77.169979	-16.260078	0.843125	23.975254
1987	2084.900518	77.517603	-16.250165	0.838896	23.819216
1989	2086.974557	77.240203	-16.229068	0.836675	23.120646
1991	2089.048581	77.226890	-16.204111	0.833228	23.932904
1993	2091.121972	77.167181	-16.188416	0.830575	23.515914
1995	2093.196106	77.017589	-16.244224	0.828308	23.608704
1997	2095.269748	76.699474	-16.158607	0.823143	22.603553
1999	2097.342316	76.759882	-16.044664	0.818796	23.766783
2001	2099.416713	76.860936	-16.163393	0.819222	23.798876
2003	2101.490436	76.928476	-16.192526	0.816139	23.022297
2005	2103.564047	76.182922	-16.113679	0.810867	23.409963
2007	2105.637436	76.420447	-16.092862	0.809531	23.411176
2009	2107.710849	76.044169	-16.098678	0.804009	23.588490
2011	2109.784098	76.159361	-16.088485	0.802459	23.227203
2013	2111.857694	76.003665	-16.058745	0.798982	22.734498
2015	2113.930741	76.122190	-16.070587	0.796263	23.406282
2017	2116.004745	75.800300	-16.032944	0.791813	23.478135
2019	2118.077459	76.108521	-16.072360	0.788368	23.515152
2021	2120.151136	75.575705	-16.031345	0.786505	22.591702
2023	2122.225029	75.965649	-16.079109	0.783946	21.522254
2025	2124.298909	75.722581	-16.003400	0.781308	21.707812
2027	2126.372796	76.196631	-16.048067	0.778448	22.079747
2029	2128.446784	75.488165	-15.934221	0.775262	22.355326
2031	2130.520449	75.296847	-15.946200	0.772743	22.052383
2033	2132.594434	74.927082	-15.868048	0.766868	21.702080
2035	2134.668598	75.023298	-15.864497	0.766243	21.807488
2037	2136.742490	74.824963	-15.851013	0.761661	22.059527
2039	2138.816715	74.801810	-15.791826	0.760051	21.810708
2041	2140.890973	74.842530	-15.797634	0.758089	22.977035
2043	2142.964765	74.992460	-15.810244	0.755717	21.903623
2045	2145.039311	74.969095	-15.846807	0.752877	21.402941
2047	2147.113281	74.488995	-15.737111	0.748889	21.823063
2049	2149.187724	74.611712	-15.773247	0.746918	21.941574
2051	2151.261715	74.675519	-15.865679	0.744481	22.313243
2053	2153.336098	74.197265	-15.706646	0.740419	21.506732
2055	2155.409937	74.483164	-15.725804	0.737110	21.475818
2057	2157.483899	74.392243	-15.750108	0.734006	21.366079
2059	2159.557984	73.917092	-15.675977	0.731240	21.539679
2061	2161.631886	73.696345	-15.590656	0.727370	22.641140
2063	2163.705960	73.787266	-15.668097	0.725564	21.737708
2065	2165.779683	73.815783	-15.592946	0.722913	21.456590
2067	2167.853328	73.763397	-15.584716	0.720221	21.507100
2069	2169.927289	73.620401	-15.609079	0.716160	21.314359
2071	2172.001037	73.450767	-15.554690	0.715035	21.587568
2073	2174.074418	74.168657	-15.686133	0.712160	20.996351
2075	2176.147944	72.882532	-15.485020	0.705564	21.068508
2077	2178.221701	73.334179	-15.488829	0.706716	20.614956
2079	2180.295176	73.310480	-15.487283	0.703363	21.094642
2081	2182.368762	73.187930	-15.462350	0.700729	21.036399
2083	2184.442171	73.553125	-15.532065	0.698845	20.660896
2085	2186.515549	73.324394	-15.503247	0.694313	20.682746
2087	2188.588975	72.947727	-15.342358	0.692076	21.400544
2089	2190.662697	72.641425	-15.272863	0.688485	20.874655
2091	2192.735984	72.613063	-15.267167	0.685213	20.530548
2093	2194.809733	72.450451	-15.223237	0.682277	20.239467
2095	2196.883491	72.578026	-15.219799	0.680349	20.952002
2097	2198.957052	72.625474	-15.219032	0.677803	20.212095
2099	2201.030729	72.390160	-15.166511	0.673168	20.908837
2101	2203.104536	72.035473	-15.090055	0.671248	20.575234
2103	2205.178231	71.542185	-15.049220	0.664978	20.093497
2105	2207.251743	71.894108	-15.077443	0.666228	20.704551
2107	2209.324815	72.202778	-15.059997	0.663257	20.323712
2109	2211.399497	71.852801	-14.995451	0.659990	20.777408
2111	2213.473243	71.401313	-14.927656	0.657351	20.355009
2113	2215.547581	71.205999	-14.910801	0.651646	21.262915
2115	2217.621393	71.302320	-14.838888	0.651690	19.736666
2117	2219.695453	71.020272	-14.800390	0.646596	20.100380
2119	2221.769603	71.107011	-14.792680	0.647749	19.775284
2121	2223.843882	71.204201	-14.761956	0.644187	20.765303
2123	2225.917796	71.146427	-14.759237	0.641693	19.735416
2125	2227.991729	71.029515	-14.756937	0.638760	19.862788
2127	2230.065876	70.587955	-14.635263	0.633431	20.474906
2129	2232.139778	70.893786	-14.676076	0.633610	20.087922
2131	2234.213985	70.577211	-14.586912	0.629302	20.019978
2133	2236.287865	70.650220	-14.566344	0.628176	19.411698
2135	2238.360994	70.465306	-14.523050	0.625197	19.813457
2137	2240.435038	70.550899	-14.478170	0.623784	19.725089
2139	2242.509060	70.578891	-14.464531	0.621004	19.648808
2141	2244.582898	70.231861	-14.453533	0.618041	20.195185
2143	2246.656687	70.357157	-14.372559	0.616856	19.541046
2145	2248.730513	70.206074	-14.348927	0.613361	19.465256
2147	2250.804296	69.616869	-14.264960	0.606602	20.585159
2149	2252.877450	69.964483	-14.240955	0.608654	19.163050
2151	2254.951145	69.795007	-14.215241	0.605592	19.416826
2153	2257.024647	69.773085	-14.167558	0.603927	19.669225
2155	2259.098351	69.273032	-14.145659	0.597869	19.120729
2157	2261.171974	69.438649	-14.105740	0.597825	19.082067
2159	2263.245383	69.565078	-14.091221	0.596204	18.725936
2161	2265.318626	69.807439	-14.104532	0.595407	19.414562
2163	2267.391977	69.483342	-14.021033	0.591289	19.088483
2165	2269.465249	69.389525	-14.030692	0.589726	18.833495
2167	2271.538769	69.104978	-13.900522	0.587018	18.499119
2169	2273.612419	69.090575	-13.923076	0.582897	19.170289
2171	2275.685228	68.942046	-13.859214	0.579857	18.706966
2173	2277.758954	68.701408	-13.766577	0.576042	18.373915
2175	2279.832235	68.737753	-13.807921	0.573803	18.817918
2177	2281.905908	68.748737	-13.784512	0.572260	18.612744
2179	2283.980135	68.552395	-13.663249	0.570153	18.910509
2181	2286.053835	68.496682	-13.648472	0.567216	19.003656
2183	2288.127438	68.347421	-13.644830	0.564246	18.039825
2185	2290.200934	68.328671	-13.568771	0.562656	18.315191
2187	2292.274916	68.529053	-13.588179	0.561939	18.486846
2189	2294.348635	68.437852	-13.548887	0.560387	18.521682
2191	2296.422572	68.283227	-13.489793	0.556625	18.451632
2193	2298.496309	68.314871	-13.472447	0.555282	18.551832
2195	2300.569799	68.056530	-13.452293	0.551729	18.318074
2197	2302.644040	68.399142	-13.462103	0.551480	17.992204
2199	2304.718229	67.329081	-13.324084	0.535465	18.417651
2201	2306.791764	67.753756	-13.325262	0.545335	18.757653
2203	2308.865438	67.742432	-13.261990	0.542478	18.091672
2205	2310.939956	67.754722	-13.249132	0.541240	17.526988
2207	2313.014015	67.703508	-13.197395	0.539281	18.513566
2209	2315.087572	67.361272	-13.125606	0.533887	18.010395
2211	2317.160832	67.461959	-13.105595	0.533801	18.157266
2213	2319.234772	67.638568	-13.134987	0.532887	18.069450
2215	2321.308577	67.327145	-13.041771	0.529335	18.052745
2217	2323.382324	66.823442	-12.949234	0.520484	17.592617
2219	2325.455492	67.373427	-13.006463	0.526508	18.032340
2221	2327.529586	66.904832	-12.909087	0.520201	17.894644
2223	2329.602894	66.816019	-12.899950	0.518799	17.059921
2225	2331.676208	66.665906	-12.812396	0.516511	17.612600
2227	2333.749840	66.375354	-12.787251	0.507260	17.428738
2229	2335.823190	66.653173	-12.807446	0.513300	17.809715
2231	2337.896917	66.998896	-12.834332	0.514007	17.950384
2233	2339.970258	66.401146	-12.673602	0.506522	17.292429
2235	2342.043674	66.335520	-12.659576	0.505466	17.023289
2237	2344.117160	66.580862	-12.649645	0.506865	17.178996
2239	2346.190360	66.151163	-12.589843	0.499536	17.473519
2241	2348.264062	66.252379	-12.559726	0.500392	17.776972
2243	2350.337185	66.009951	-12.543936	0.494534	17.377456
2245	2352.410747	66.559597	-12.578140	0.498755	17.203485
2247	2354.484134	65.770147	-12.449223	0.488853	17.719760
2249	2356.557392	65.671500	-12.413861	0.483515	17.336536
2251	2358.630952	65.727695	-12.370445	0.487055	16.888714
2253	2360.704357	65.737670	-12.349971	0.486757	17.209377
2255	2362.777988	65.858409	-12.338424	0.486141	17.086661
2257	2364.851792	65.658843	-12.295464	0.481852	17.035506
2259	2366.925440	65.579063	-12.255412	0.479783	17.251614
2261	2368.998951	65.170964	-12.225628	0.468538	17.148272
2263	2371.072420	65.339445	-12.174177	0.474653	17.060389
2265	2373.146509	65.244254	-12.142660	0.471206	17.181934
2269	2377.294016	65.245979	-12.083747	0.470783	17.367476
2271	2379.367554	64.991032	-12.032915	0.465374	16.883806
2273	2381.441792	65.183672	-12.018528	0.466748	16.683729
2275	2383.515181	64.711326	-12.022928	0.456656	16.789267
2277	2385.588983	64.737074	-11.959316	0.458223	16.348000
2279	2387.662637	64.736749	-11.924203	0.457505	16.516012
2281	2389.736727	64.740738	-11.928739	0.457997	16.535839
2283	2391.810647	64.668457	-11.906861	0.454211	15.856679
2285	2393.884076	64.547965	-11.830583	0.452305	15.707325
2287	2395.957573	64.506243	-11.789841	0.450921	16.666696
2289	2398.031532	64.665430	-11.706553	0.423514	16.001094
2293	2402.178796	64.335111	-11.698816	0.445518	16.891723
2295	2404.252232	64.494420	-11.670557	0.446170	15.889458
2297	2406.325770	64.232187	-11.634569	0.442489	16.245982
2299	2408.399702	64.908806	-11.331574	0.409153	15.744698
2301	2410.472808	64.102302	-11.517027	0.416580	16.208786
2303	2412.546163	64.669710	-11.307768	0.406573	16.098786
2305	2414.620103	64.420763	-11.337149	0.406695	16.835858
2307	2416.694110	64.306852	-11.308313	0.404482	15.364752
2309	2418.767256	64.526502	-11.171805	0.400879	15.754659
2311	2420.840326	64.383888	-11.200264	0.399372	15.846920
2313	2422.913733	63.730858	-11.321310	0.405458	15.811103
2315	2424.987074	63.993506	-11.226763	0.398711	15.925421
2317	2427.060647	64.086994	-11.170964	0.394821	15.806088
2319	2429.133452	63.871563	-11.162781	0.394323	15.932410
2321	2431.206761	63.662989	-11.229154	0.394862	15.646448
2323	2433.280585	64.013265	-10.999168	0.386827	16.226716
2325	2435.353675	63.706951	-11.024480	0.387956	15.591775
2327	2437.427318	63.159240	-11.143668	0.408786	15.442570
2329	2439.500667	62.977279	-11.127126	0.405544	16.417583
2331	2441.574009	62.905920	-11.088683	0.403141	15.829604
2333	2443.647299	62.842949	-11.037544	0.402308	15.812563
2335	2445.721590	62.827558	-11.026157	0.400768	15.521240
2337	2447.795051	62.963625	-11.009579	0.404875	15.141213
2339	2449.868767	62.782607	-10.962226	0.400745	15.896801
2341	2451.942608	62.810940	-10.945120	0.399787	15.694648
2343	2454.015698	62.611440	-10.879377	0.395957	15.290649
2345	2456.090145	62.373219	-10.873744	0.389608	15.517626
2347	2458.163581	62.482895	-10.846339	0.390873	15.191219
2349	2460.237086	62.410240	-10.832788	0.390575	15.559904
2351	2462.310722	62.388916	-10.810332	0.390601	15.612702
2353	2464.384373	62.147857	-10.797259	0.379140	15.105351
2355	2466.458309	62.722758	-10.633510	0.360156	15.922683
2357	2468.531965	62.917825	-10.508037	0.355756	14.820205
2359	2470.605404	62.334828	-10.654269	0.360086	15.133140
2361	2472.679290	62.380916	-10.550700	0.356852	14.530630
2363	2474.752831	61.885041	-10.616421	0.375520	15.515394
2365	2476.826173	62.260097	-10.516135	0.353010	14.675859
2367	2478.900085	64.688613	-8.214508	0.344184	14.580528
2369	2480.973678	62.289806	-10.373205	0.348197	14.772657
2371	2483.047567	62.129060	-10.376615	0.347115	14.492245
2373	2485.120671	62.294561	-10.300249	0.343773	14.768839
2375	2487.193853	62.423604	-10.227274	0.339814	14.784014
2377	2489.267622	61.975197	-10.219081	0.342023	14.766945
2379	2491.340934	61.983700	-10.239909	0.340511	14.283103
2381	2493.414605	61.821437	-10.232296	0.338676	14.503983
2383	2495.488064	64.273260	-7.619432	0.333504	14.878714
2385	2497.561193	64.169356	-7.531269	0.334629	14.023965
2387	2499.634651	61.738294	-10.122870	0.333684	14.608327
2389	2501.708322	61.957094	-9.893710	0.329047	14.637358
2391	2503.781523	61.617507	-10.018778	0.329149	14.259648
2393	2505.854969	61.567819	-9.925084	0.327287	14.197719
2395	2507.928155	61.140027	-10.046516	0.330695	13.652986
2397	2510.002008	60.827835	-10.054639	0.334419	14.667966
2399	2512.074739	61.337969	-9.920216	0.323914	14.220579
2401	2514.148934	61.404780	-9.788797	0.320060	13.539681
2403	2516.221931	60.708354	-9.944378	0.328750	14.144837
2405	2518.295835	60.807624	-9.870654	0.322749	13.815785
2407	2520.369122	60.416545	-9.867246	0.338635	13.970137
