crossing time (s)	slope (V/s)	crossing number
281474976710655.000000	-53.108318	1321	0.000000
281474976710655.000000	-74.456802	1322	0.000000
281474976710655.000000	-57.331242	1323	0.000000
281474976710655.000000	-57.753689	1324	0.000000
281474976710655.000000	-55.040890	1325	0.000000
281474976710655.000000	-53.839664	1326	0.000000
281474976710655.000000	-55.548672	1327	0.000000
281474976710655.000000	-55.840992	1328	0.000000
281474976710655.000000	-58.052723	1329	0.000000
281474976710655.000000	-60.233620	1330	0.000000
281474976710655.000000	-42.434444	1331	0.000000
281474976710655.000000	-43.109955	1332	0.000000
281474976710655.000000	-35.899284	1333	0.000000
281474976710655.000000	-54.671608	1334	0.000000
281474976710655.000000	-59.216717	1335	0.000000
281474976710655.000000	-46.733063	1336	0.000000
281474976710655.000000	-55.319382	1337	0.000000
281474976710655.000000	-61.144234	1338	0.000000
281474976710655.000000	-41.389549	1339	0.000000
281474976710655.000000	-51.922970	1340	0.000000
281474976710655.000000	-53.017189	1341	0.000000
281474976710655.000000	-41.335079	1342	0.000000
281474976710655.000000	-35.012375	1343	0.000000
281474976710655.000000	-52.027557	1344	0.000000
281474976710655.000000	-41.436150	1345	0.000000
281474976710655.000000	-59.260014	1346	0.000000
281474976710655.000000	-71.609337	1347	0.000000
281474976710655.000000	-53.861641	1348	0.000000
281474976710655.000000	-44.033836	1349	0.000000
281474976710655.000000	-52.461727	1350	0.000000
281474976710655.000000	-58.191517	1351	0.000000
281474976710655.000000	-72.919037	1352	0.000000
281474976710655.000000	-53.941368	1353	0.000000
281474976710655.000000	-105.378502	1354	0.000000
281474976710655.000000	-40.487671	1355	0.000000
281474976710655.000000	-47.590496	1356	0.000000
281474976710655.000000	-50.236320	1357	0.000000
281474976710655.000000	-57.624176	1358	0.000000
281474976710655.000000	-40.629860	1359	0.000000
281474976710655.000000	-34.558510	1360	0.000000
281474976710655.000000	-71.478340	1361	0.000000
281474976710655.000000	-41.245293	1362	0.000000
281474976710655.000000	-71.028214	1363	0.000000
281474976710655.000000	-56.034199	1364	0.000000
281474976710655.000000	-69.148972	1365	0.000000
281474976710655.000000	-52.418159	1366	0.000000
281474976710655.000000	-52.089783	1367	0.000000
281474976710655.000000	-39.623295	1368	0.000000
281474976710655.000000	-51.175171	1369	0.000000
281474976710655.000000	-43.349125	1370	0.000000
281474976710655.000000	-25.506586	1371	0.000000
281474976710655.000000	-55.493153	1372	0.000000
281474976710655.000000	-42.743053	1373	0.000000
281474976710655.000000	-51.825504	1374	0.000000
281474976710655.000000	-57.590721	1375	0.000000
281474976710655.000000	-49.785114	1376	0.000000
281474976710655.000000	-50.664257	1377	0.000000
281474976710655.000000	-68.350929	1378	0.000000
281474976710655.000000	-50.042328	1379	0.000000
281474976710655.000000	-39.696934	1380	0.000000
281474976710655.000000	-39.995739	1381	0.000000
281474976710655.000000	-39.566235	1382	0.000000
281474976710655.000000	-39.045406	1383	0.000000
281474976710655.000000	-49.785263	1384	0.000000
281474976710655.000000	-50.260181	1385	0.000000
281474976710655.000000	-50.436195	1386	0.000000
281474976710655.000000	-39.739365	1387	0.000000
281474976710655.000000	-38.522240	1388	0.000000
281474976710655.000000	-67.620659	1389	0.000000
281474976710655.000000	-45.966766	1390	0.000000
281474976710655.000000	-38.801136	1391	0.000000
281474976710655.000000	-49.784473	1392	0.000000
281474976710655.000000	-38.734264	1393	0.000000
281474976710655.000000	-32.552315	1394	0.000000
281474976710655.000000	-50.257778	1395	0.000000
281474976710655.000000	-33.132824	1396	0.000000
281474976710655.000000	-24.688032	1397	0.000000
281474976710655.000000	-55.160526	1398	0.000000
281474976710655.000000	-38.768337	1399	0.000000
281474976710655.000000	-66.061882	1400	0.000000
281474976710655.000000	-50.548820	1401	0.000000
281474976710655.000000	-37.903751	1402	0.000000
281474976710655.000000	-49.267921	1403	0.000000
281474976710655.000000	-40.525818	1404	0.000000
281474976710655.000000	-49.971348	1405	0.000000
281474976710655.000000	-37.926365	1406	0.000000
281474976710655.000000	-38.786484	1407	0.000000
281474976710655.000000	-37.646725	1408	0.000000
281474976710655.000000	-48.969273	1409	0.000000
281474976710655.000000	-65.429100	1410	0.000000
281474976710655.000000	-40.694153	1411	0.000000
281474976710655.000000	-47.918888	1412	0.000000
281474976710655.000000	-37.840729	1413	0.000000
281474976710655.000000	-53.426231	1414	0.000000
281474976710655.000000	-37.095669	1415	0.000000
281474976710655.000000	-48.452564	1416	0.000000
281474976710655.000000	-48.849907	1417	0.000000
281474976710655.000000	-40.120182	1418	0.000000
281474976710655.000000	-40.492744	1419	0.000000
281474976710655.000000	-53.736183	1420	0.000000
281474976710655.000000	-47.283810	1421	0.000000
281474976710655.000000	-47.438763	1422	0.000000
281474976710655.000000	-51.843964	1423	0.000000
281474976710655.000000	-40.020115	1424	0.000000
281474976710655.000000	-65.011215	1425	0.000000
281474976710655.000000	-64.180573	1426	0.000000
281474976710655.000000	-39.961254	1427	0.000000
281474976710655.000000	-53.368000	1428	0.000000
281474976710655.000000	-63.780727	1429	0.000000
281474976710655.000000	-63.572906	1430	0.000000
281474976710655.000000	-36.754711	1431	0.000000
281474976710655.000000	-36.657295	1432	0.000000
281474976710655.000000	-52.852612	1433	0.000000
281474976710655.000000	-52.442345	1434	0.000000
281474976710655.000000	-40.216370	1435	0.000000
281474976710655.000000	-47.062698	1436	0.000000
281474976710655.000000	-47.711712	1437	0.000000
281474976710655.000000	-47.296803	1438	0.000000
281474976710655.000000	-36.953613	1439	0.000000
281474976710655.000000	-45.107765	1440	0.000000
281474976710655.000000	-47.327122	1441	0.000000
281474976710655.000000	-48.258698	1442	0.000000
281474976710655.000000	-47.266720	1443	0.000000
281474976710655.000000	-51.752972	1444	0.000000
281474976710655.000000	-45.733383	1445	0.000000
281474976710655.000000	-48.319153	1446	0.000000
281474976710655.000000	-47.108067	1447	0.000000
281474976710655.000000	-46.511734	1448	0.000000
281474976710655.000000	-40.405468	1449	0.000000
281474976710655.000000	-47.023205	1450	0.000000
281474976710655.000000	-44.875313	1451	0.000000
281474976710655.000000	-46.816608	1452	0.000000
281474976710655.000000	-44.672642	1453	0.000000
281474976710655.000000	-45.978241	1454	0.000000
281474976710655.000000	-44.169804	1455	0.000000
281474976710655.000000	-46.014000	1456	0.000000
281474976710655.000000	-52.022957	1457	0.000000
281474976710655.000000	-44.967476	1458	0.000000
281474976710655.000000	-35.709694	1459	0.000000
281474976710655.000000	-44.225941	1460	0.000000
281474976710655.000000	-46.867058	1461	0.000000
281474976710655.000000	-45.469933	1462	0.000000
281474976710655.000000	-46.392040	1463	0.000000
281474976710655.000000	-34.824005	1464	0.000000
281474976710655.000000	-45.637718	1465	0.000000
281474976710655.000000	-45.292706	1466	0.000000
281474976710655.000000	-46.362019	1467	0.000000
281474976710655.000000	-60.772327	1468	0.000000
281474976710655.000000	-37.553738	1469	0.000000
281474976710655.000000	-50.013702	1470	0.000000
281474976710655.000000	-38.660439	1471	0.000000
281474976710655.000000	-46.947498	1472	0.000000
281474976710655.000000	-30.809965	1473	0.000000
281474976710655.000000	-37.298309	1474	0.000000
281474976710655.000000	-56.991695	1475	0.000000
281474976710655.000000	-45.485992	1476	0.000000
281474976710655.000000	-45.670654	1477	0.000000
281474976710655.000000	-37.538635	1478	0.000000
281474976710655.000000	-54.447372	1479	0.000000
281474976710655.000000	-44.575752	1480	0.000000
281474976710655.000000	-55.757328	1481	0.000000
281474976710655.000000	-37.336475	1482	0.000000
281474976710655.000000	-34.949978	1483	0.000000
281474976710655.000000	-49.356674	1484	0.000000
281474976710655.000000	-45.280178	1485	0.000000
281474976710655.000000	-44.612606	1486	0.000000
281474976710655.000000	-43.720116	1487	0.000000
281474976710655.000000	-50.486298	1488	0.000000
281474976710655.000000	-34.355381	1489	0.000000
281474976710655.000000	-49.856064	1490	0.000000
281474976710655.000000	-48.149967	1491	0.000000
281474976710655.000000	-37.545959	1492	0.000000
281474976710655.000000	-44.631985	1493	0.000000
281474976710655.000000	-44.640003	1494	0.000000
281474976710655.000000	-42.990704	1495	0.000000
281474976710655.000000	-58.159706	1496	0.000000
281474976710655.000000	-40.365608	1497	0.000000
281474976710655.000000	-49.366745	1498	0.000000
281474976710655.000000	-43.172791	1499	0.000000
281474976710655.000000	-58.601551	1500	0.000000
281474976710655.000000	-42.296196	1501	0.000000
281474976710655.000000	-54.234161	1502	0.000000
281474976710655.000000	-59.868069	1503	0.000000
281474976710655.000000	-44.476696	1504	0.000000
281474976710655.000000	-43.121204	1505	0.000000
281474976710655.000000	-36.806591	1506	0.000000
281474976710655.000000	-45.810009	1507	0.000000
281474976710655.000000	-42.775318	1508	0.000000
281474976710655.000000	-43.942993	1509	0.000000
281474976710655.000000	-34.067719	1510	0.000000
281474976710655.000000	-42.013836	1511	0.000000
281474976710655.000000	-36.503506	1512	0.000000
281474976710655.000000	-68.027649	1513	0.000000
281474976710655.000000	-44.166168	1514	0.000000
281474976710655.000000	-38.091511	1515	0.000000
281474976710655.000000	-46.957943	1516	0.000000
281474976710655.000000	-44.592453	1517	0.000000
281474976710655.000000	-59.149914	1518	0.000000
281474976710655.000000	-38.337715	1519	0.000000
281474976710655.000000	-42.429760	1520	0.000000
281474976710655.000000	-51.715275	1521	0.000000
281474976710655.000000	-53.257801	1522	0.000000
281474976710655.000000	-43.317684	1523	0.000000
281474976710655.000000	-36.062027	1524	0.000000
281474976710655.000000	-43.039993	1525	0.000000
281474976710655.000000	-43.763046	1526	0.000000
281474976710655.000000	-46.278740	1527	0.000000
281474976710655.000000	-52.618492	1528	0.000000
281474976710655.000000	-43.871590	1529	0.000000
281474976710655.000000	-35.626205	1530	0.000000
281474976710655.000000	-41.483265	1531	0.000000
281474976710655.000000	-42.012302	1532	0.000000
281474976710655.000000	-51.829010	1533	0.000000
281474976710655.000000	-40.349621	1534	0.000000
281474976710655.000000	-53.567806	1535	0.000000
281474976710655.000000	-42.789803	1536	0.000000
281474976710655.000000	-47.430790	1537	0.000000
281474976710655.000000	-41.974239	1538	0.000000
281474976710655.000000	-58.894611	1539	0.000000
281474976710655.000000	-40.210979	1540	0.000000
281474976710655.000000	-37.853455	1541	0.000000
281474976710655.000000	-52.347031	1542	0.000000
281474976710655.000000	-33.607445	1543	0.000000
281474976710655.000000	-35.053638	1544	0.000000
281474976710655.000000	-35.713066	1545	0.000000
281474976710655.000000	-43.182537	1546	0.000000
281474976710655.000000	-42.692394	1547	0.000000
281474976710655.000000	-41.654209	1548	0.000000
281474976710655.000000	-43.114948	1549	0.000000
281474976710655.000000	-41.858349	1550	0.000000
281474976710655.000000	-35.673183	1551	0.000000
281474976710655.000000	-40.182579	1552	0.000000
281474976710655.000000	-40.482334	1553	0.000000
281474976710655.000000	-41.930923	1554	0.000000
281474976710655.000000	-42.496689	1555	0.000000
281474976710655.000000	-35.251015	1556	0.000000
281474976710655.000000	-51.928467	1557	0.000000
281474976710655.000000	-42.093884	1558	0.000000
281474976710655.000000	-46.682968	1559	0.000000
281474976710655.000000	-33.001682	1560	0.000000
281474976710655.000000	-40.086273	1561	0.000000
281474976710655.000000	-34.936764	1562	0.000000
281474976710655.000000	-51.362270	1563	0.000000
281474976710655.000000	-35.007122	1564	0.000000
281474976710655.000000	-55.896431	1565	0.000000
281474976710655.000000	-55.782848	1566	0.000000
281474976710655.000000	-40.327728	1567	0.000000
281474976710655.000000	-41.690849	1568	0.000000
281474976710655.000000	-35.320591	1569	0.000000
281474976710655.000000	-34.716633	1570	0.000000
281474976710655.000000	-41.880943	1571	0.000000
281474976710655.000000	-39.122501	1572	0.000000
281474976710655.000000	-51.174603	1573	0.000000
281474976710655.000000	-34.463211	1574	0.000000
281474976710655.000000	-51.200718	1575	0.000000
281474976710655.000000	-43.925610	1576	0.000000
281474976710655.000000	-37.669380	1577	0.000000
281474976710655.000000	-42.751373	1578	0.000000
281474976710655.000000	-41.273594	1579	0.000000
281474976710655.000000	-44.908520	1580	0.000000
281474976710655.000000	-54.803493	1581	0.000000
281474976710655.000000	-39.983997	1582	0.000000
281474976710655.000000	-42.603539	1583	0.000000
281474976710655.000000	-36.080402	1584	0.000000
281474976710655.000000	-34.539818	1585	0.000000
281474976710655.000000	-51.353413	1586	0.000000
281474976710655.000000	-35.905769	1587	0.000000
281474976710655.000000	-45.234833	1588	0.000000
281474976710655.000000	-40.864189	1589	0.000000
281474976710655.000000	-35.656372	1590	0.000000
281474976710655.000000	-33.977722	1591	0.000000
281474976710655.000000	-40.246952	1592	0.000000
281474976710655.000000	-44.282318	1593	0.000000
281474976710655.000000	-35.392761	1594	0.000000
281474976710655.000000	-40.570862	1595	0.000000
281474976710655.000000	-35.400272	1596	0.000000
281474976710655.000000	-39.156460	1597	0.000000
281474976710655.000000	-35.818245	1598	0.000000
281474976710655.000000	-53.108841	1599	0.000000
281474976710655.000000	-33.315998	1600	0.000000
281474976710655.000000	-34.217903	1601	0.000000
281474976710655.000000	-32.179665	1602	0.000000
281474976710655.000000	-36.213673	1603	0.000000
281474976710655.000000	-39.766773	1604	0.000000
281474976710655.000000	-42.192524	1605	0.000000
281474976710655.000000	-33.322350	1606	0.000000
281474976710655.000000	-40.247078	1607	0.000000
281474976710655.000000	-43.456161	1608	0.000000
281474976710655.000000	-36.093861	1609	0.000000
281474976710655.000000	-38.177841	1610	0.000000
281474976710655.000000	-41.433903	1611	0.000000
281474976710655.000000	-46.055355	1612	0.000000
281474976710655.000000	-47.079075	1613	0.000000
281474976710655.000000	-35.819557	1614	0.000000
281474976710655.000000	-38.076397	1615	0.000000
281474976710655.000000	-37.661751	1616	0.000000
281474976710655.000000	-31.956223	1617	0.000000
281474976710655.000000	-39.224815	1618	0.000000
281474976710655.000000	-53.452480	1619	0.000000
281474976710655.000000	-44.022160	1620	0.000000
281474976710655.000000	-39.571213	1621	0.000000
281474976710655.000000	-33.021206	1622	0.000000
281474976710655.000000	-37.555904	1623	0.000000
281474976710655.000000	-48.867802	1624	0.000000
281474976710655.000000	-43.830284	1625	0.000000
281474976710655.000000	-30.750067	1626	0.000000
281474976710655.000000	-34.595547	1627	0.000000
281474976710655.000000	-34.284790	1628	0.000000
281474976710655.000000	-32.866764	1629	0.000000
281474976710655.000000	-48.941406	1630	0.000000
281474976710655.000000	-43.251831	1631	0.000000
281474976710655.000000	-40.258789	1632	0.000000
281474976710655.000000	-42.774616	1633	0.000000
281474976710655.000000	-40.297287	1634	0.000000
281474976710655.000000	-34.817791	1635	0.000000
281474976710655.000000	-34.844784	1636	0.000000
281474976710655.000000	-47.596367	1637	0.000000
281474976710655.000000	-39.521183	1638	0.000000
281474976710655.000000	-39.267727	1639	0.000000
281474976710655.000000	-44.652859	1640	0.000000
281474976710655.000000	-38.311138	1641	0.000000
281474976710655.000000	-40.115971	1642	0.000000
281474976710655.000000	-32.404526	1643	0.000000
281474976710655.000000	-33.770325	1644	0.000000
281474976710655.000000	-38.395287	1645	0.000000
281474976710655.000000	-42.308506	1646	0.000000
281474976710655.000000	-39.921772	1647	0.000000
281474976710655.000000	-38.025917	1648	0.000000
281474976710655.000000	-33.620960	1649	0.000000
281474976710655.000000	-41.747021	1650	0.000000
281474976710655.000000	-31.947544	1651	0.000000
281474976710655.000000	-38.550259	1652	0.000000
281474976710655.000000	-38.545540	1653	0.000000
281474976710655.000000	-37.726452	1654	0.000000
281474976710655.000000	-37.871494	1655	0.000000
281474976710655.000000	-41.936012	1656	0.000000
281474976710655.000000	-42.121906	1657	0.000000
281474976710655.000000	-39.104286	1658	0.000000
281474976710655.000000	-31.413111	1659	0.000000
281474976710655.000000	-33.157887	1660	0.000000
281474976710655.000000	-39.342785	1661	0.000000
281474976710655.000000	-43.777870	1662	0.000000
281474976710655.000000	-37.400574	1663	0.000000
281474976710655.000000	-33.401108	1664	0.000000
281474976710655.000000	-31.569286	1665	0.000000
281474976710655.000000	-37.626270	1666	0.000000
281474976710655.000000	-37.222099	1667	0.000000
281474976710655.000000	-40.900417	1668	0.000000
281474976710655.000000	-37.638489	1669	0.000000
281474976710655.000000	-36.567699	1670	0.000000
281474976710655.000000	-37.103527	1671	0.000000
281474976710655.000000	-32.897068	1672	0.000000
281474976710655.000000	-36.975395	1673	0.000000
281474976710655.000000	-46.163048	1674	0.000000
281474976710655.000000	-36.714062	1675	0.000000
281474976710655.000000	-36.698833	1676	0.000000
281474976710655.000000	-43.110813	1677	0.000000
281474976710655.000000	-30.465975	1678	0.000000
281474976710655.000000	-31.950884	1679	0.000000
281474976710655.000000	-32.003548	1680	0.000000
281474976710655.000000	-30.657595	1681	0.000000
281474976710655.000000	-37.081528	1682	0.000000
281474976710655.000000	-37.054134	1683	0.000000
281474976710655.000000	-32.928177	1684	0.000000
281474976710655.000000	-33.054077	1685	0.000000
281474976710655.000000	-31.588966	1686	0.000000
281474976710655.000000	-35.066879	1687	0.000000
281474976710655.000000	-37.423370	1688	0.000000
281474976710655.000000	-36.495716	1689	0.000000
281474976710655.000000	-36.142792	1690	0.000000
281474976710655.000000	-36.345612	1691	0.000000
281474976710655.000000	-38.827740	1692	0.000000
281474976710655.000000	-33.827721	1693	0.000000
281474976710655.000000	-35.999039	1694	0.000000
281474976710655.000000	-37.323215	1695	0.000000
281474976710655.000000	-35.676521	1696	0.000000
281474976710655.000000	-31.035101	1697	0.000000
281474976710655.000000	-35.523499	1698	0.000000
281474976710655.000000	-31.238821	1699	0.000000
281474976710655.000000	-41.445957	1700	0.000000
281474976710655.000000	-31.875793	1701	0.000000
281474976710655.000000	-35.489113	1702	0.000000
281474976710655.000000	-31.105995	1703	0.000000
281474976710655.000000	-36.450024	1704	0.000000
281474976710655.000000	-30.692902	1705	0.000000
281474976710655.000000	-41.175194	1706	0.000000
281474976710655.000000	-36.344997	1707	0.000000
281474976710655.000000	-33.269909	1708	0.000000
281474976710655.000000	-36.123787	1709	0.000000
281474976710655.000000	-41.329853	1710	0.000000
281474976710655.000000	-35.103905	1711	0.000000
281474976710655.000000	-38.620090	1712	0.000000
281474976710655.000000	-33.795277	1713	0.000000
281474976710655.000000	-30.572084	1714	0.000000
281474976710655.000000	-42.860966	1715	0.000000
281474976710655.000000	-33.279476	1716	0.000000
281474976710655.000000	-28.904320	1717	0.000000
281474976710655.000000	-35.416981	1718	0.000000
281474976710655.000000	-35.833649	1719	0.000000
281474976710655.000000	-34.294239	1720	0.000000
281474976710655.000000	-37.218609	1721	0.000000
281474976710655.000000	-28.912477	1722	0.000000
281474976710655.000000	-30.444672	1723	0.000000
281474976710655.000000	-37.815170	1724	0.000000
281474976710655.000000	-42.927563	1725	0.000000
281474976710655.000000	-32.144199	1726	0.000000
281474976710655.000000	-29.979979	1727	0.000000
281474976710655.000000	-37.361439	1728	0.000000
281474976710655.000000	-30.431494	1729	0.000000
281474976710655.000000	-30.264360	1730	0.000000
281474976710655.000000	-37.984245	1731	0.000000
281474976710655.000000	-41.738914	1732	0.000000
281474976710655.000000	-35.229149	1733	0.000000
281474976710655.000000	-27.386089	1734	0.000000
281474976710655.000000	-33.532383	1735	0.000000
281474976710655.000000	-33.638695	1736	0.000000
281474976710655.000000	-29.194305	1737	0.000000
281474976710655.000000	-29.944263	1738	0.000000
281474976710655.000000	-41.964222	1739	0.000000
281474976710655.000000	-34.385391	1740	0.000000
281474976710655.000000	-35.965641	1741	0.000000
281474976710655.000000	-33.966526	1742	0.000000
281474976710655.000000	-34.004906	1743	0.000000
281474976710655.000000	-29.283184	1744	0.000000
281474976710655.000000	-30.005360	1745	0.000000
281474976710655.000000	-34.082825	1746	0.000000
281474976710655.000000	-37.737110	1747	0.000000
281474976710655.000000	-32.783009	1748	0.000000
281474976710655.000000	-32.754971	1749	0.000000
281474976710655.000000	-30.079445	1750	0.000000
281474976710655.000000	-31.549603	1751	0.000000
281474976710655.000000	-36.810623	1752	0.000000
281474976710655.000000	-33.992882	1753	0.000000
281474976710655.000000	-35.119156	1754	0.000000
281474976710655.000000	-31.079229	1755	0.000000
281474976710655.000000	-32.390366	1756	0.000000
281474976710655.000000	-34.232498	1757	0.000000
281474976710655.000000	-26.175205	1758	0.000000
281474976710655.000000	-33.960426	1759	0.000000
281474976710655.000000	-33.326340	1760	0.000000
281474976710655.000000	-32.243050	1761	0.000000
281474976710655.000000	-34.645390	1762	0.000000
281474976710655.000000	-33.242229	1763	0.000000
281474976710655.000000	-31.768356	1764	0.000000
281474976710655.000000	-32.758133	1765	0.000000
281474976710655.000000	-38.707760	1766	0.000000
281474976710655.000000	-34.838707	1767	0.000000
281474976710655.000000	-35.616276	1768	0.000000
281474976710655.000000	-32.210464	1769	0.000000
281474976710655.000000	-34.641758	1770	0.000000
281474976710655.000000	-30.955101	1771	0.000000
281474976710655.000000	-31.627108	1772	0.000000
281474976710655.000000	-31.078375	1773	0.000000
281474976710655.000000	-32.770905	1774	0.000000
281474976710655.000000	-27.703520	1775	0.000000
281474976710655.000000	-29.964844	1776	0.000000
281474976710655.000000	-31.298689	1777	0.000000
281474976710655.000000	-33.943539	1778	0.000000
281474976710655.000000	-31.928146	1779	0.000000
281474976710655.000000	-32.564114	1780	0.000000
281474976710655.000000	-36.103607	1781	0.000000
281474976710655.000000	-31.054983	1782	0.000000
281474976710655.000000	-34.946590	1783	0.000000
281474976710655.000000	-28.934967	1784	0.000000
281474976710655.000000	-29.721352	1785	0.000000
281474976710655.000000	-30.709623	1786	0.000000
281474976710655.000000	-34.390636	1787	0.000000
281474976710655.000000	-29.576271	1788	0.000000
281474976710655.000000	-30.613668	1789	0.000000
281474976710655.000000	-29.239265	1790	0.000000
281474976710655.000000	-27.743275	1791	0.000000
281474976710655.000000	-31.068979	1792	0.000000
281474976710655.000000	-27.182676	1793	0.000000
281474976710655.000000	-31.090378	1794	0.000000
281474976710655.000000	-32.216705	1795	0.000000
281474976710655.000000	-31.766153	1796	0.000000
281474976710655.000000	-33.999374	1797	0.000000
281474976710655.000000	-31.802952	1798	0.000000
281474976710655.000000	-30.384407	1799	0.000000
281474976710655.000000	-31.280390	1800	0.000000
281474976710655.000000	-28.015781	1801	0.000000
281474976710655.000000	-28.262238	1802	0.000000
281474976710655.000000	-32.095463	1803	0.000000
281474976710655.000000	-33.115231	1804	0.000000
281474976710655.000000	-30.347755	1805	0.000000
281474976710655.000000	-29.451164	1806	0.000000
281474976710655.000000	-32.802258	1807	0.000000
281474976710655.000000	-32.593521	1808	0.000000
281474976710655.000000	-28.447973	1809	0.000000
281474976710655.000000	-30.648191	1810	0.000000
281474976710655.000000	-30.932888	1811	0.000000
281474976710655.000000	-30.284277	1812	0.000000
281474976710655.000000	-29.513714	1813	0.000000
281474976710655.000000	-32.346863	1814	0.000000
281474976710655.000000	-30.446180	1815	0.000000
281474976710655.000000	-28.200037	1816	0.000000
281474976710655.000000	-25.414249	1817	0.000000
281474976710655.000000	-29.101593	1818	0.000000
281474976710655.000000	-28.750826	1819	0.000000
281474976710655.000000	-32.174137	1820	0.000000
281474976710655.000000	-31.923567	1821	0.000000
281474976710655.000000	-26.990625	1822	0.000000
281474976710655.000000	-30.162281	1823	0.000000
281474976710655.000000	-28.075354	1824	0.000000
281474976710655.000000	-28.713003	1825	0.000000
281474976710655.000000	-33.744362	1826	0.000000
281474976710655.000000	-31.026222	1827	0.000000
281474976710655.000000	-27.092054	1828	0.000000
281474976710655.000000	-25.161745	1829	0.000000
281474976710655.000000	-28.357134	1830	0.000000
281474976710655.000000	-28.413418	1831	0.000000
281474976710655.000000	-24.337450	1832	0.000000
281474976710655.000000	-30.000076	1833	0.000000
281474976710655.000000	-30.233927	1834	0.000000
281474976710655.000000	-31.793627	1835	0.000000
281474976710655.000000	-28.216148	1836	0.000000
281474976710655.000000	-29.304474	1837	0.000000
281474976710655.000000	-28.025114	1838	0.000000
281474976710655.000000	-29.743782	1839	0.000000
281474976710655.000000	-27.197212	1840	0.000000
281474976710655.000000	-29.218975	1841	0.000000
281474976710655.000000	-31.327967	1842	0.000000
281474976710655.000000	-28.707260	1843	0.000000
281474976710655.000000	-31.357254	1844	0.000000
281474976710655.000000	-27.124121	1845	0.000000
281474976710655.000000	-27.061834	1846	0.000000
281474976710655.000000	-27.972866	1847	0.000000
281474976710655.000000	-24.431948	1848	0.000000
281474976710655.000000	-27.496960	1849	0.000000
281474976710655.000000	-27.444109	1850	0.000000
281474976710655.000000	-28.957960	1851	0.000000
281474976710655.000000	-30.834227	1852	0.000000
281474976710655.000000	-27.425812	1853	0.000000
281474976710655.000000	-29.778217	1854	0.000000
281474976710655.000000	-26.448515	1855	0.000000
281474976710655.000000	-27.862370	1856	0.000000
281474976710655.000000	-29.048979	1857	0.000000
281474976710655.000000	-29.352125	1858	0.000000
281474976710655.000000	-25.780718	1859	0.000000
281474976710655.000000	-28.331398	1860	0.000000
281474976710655.000000	-25.730202	1861	0.000000
281474976710655.000000	-30.306459	1862	0.000000
281474976710655.000000	-25.673670	1863	0.000000
281474976710655.000000	-25.907709	1864	0.000000
281474976710655.000000	-29.387024	1865	0.000000
281474976710655.000000	-27.730927	1866	0.000000
281474976710655.000000	-28.256672	1867	0.000000
281474976710655.000000	-30.009172	1868	0.000000
281474976710655.000000	-28.526121	1869	0.000000
281474976710655.000000	-24.050402	1870	0.000000
281474976710655.000000	-26.663771	1871	0.000000
281474976710655.000000	-26.873243	1872	0.000000
281474976710655.000000	-23.652811	1873	0.000000
281474976710655.000000	-26.742853	1874	0.000000
281474976710655.000000	-26.453011	1875	0.000000
281474976710655.000000	-26.866716	1876	0.000000
281474976710655.000000	-27.377140	1877	0.000000
281474976710655.000000	-25.823114	1878	0.000000
281474976710655.000000	-26.734922	1879	0.000000
281474976710655.000000	-25.380636	1880	0.000000
281474976710655.000000	-24.782574	1881	0.000000
281474976710655.000000	-25.486496	1882	0.000000
281474976710655.000000	-27.864380	1883	0.000000
281474976710655.000000	-28.425922	1884	0.000000
281474976710655.000000	-25.862839	1885	0.000000
281474976710655.000000	-26.883816	1886	0.000000
281474976710655.000000	-28.145201	1887	0.000000
281474976710655.000000	-24.795527	1888	0.000000
281474976710655.000000	-28.088825	1889	0.000000
281474976710655.000000	-26.606455	1890	0.000000
281474976710655.000000	-24.903971	1891	0.000000
281474976710655.000000	-27.547876	1892	0.000000
281474976710655.000000	-28.258156	1893	0.000000
281474976710655.000000	-24.787193	1894	0.000000
281474976710655.000000	-28.845984	1895	0.000000
281474976710655.000000	-25.671347	1896	0.000000
281474976710655.000000	-24.550219	1897	0.000000
281474976710655.000000	-24.461416	1898	0.000000
281474976710655.000000	-25.184717	1899	0.000000
281474976710655.000000	-27.167450	1900	0.000000
281474976710655.000000	-27.046059	1901	0.000000
281474976710655.000000	-26.687511	1902	0.000000
281474976710655.000000	-27.628717	1903	0.000000
281474976710655.000000	-23.851093	1904	0.000000
281474976710655.000000	-26.132080	1905	0.000000
281474976710655.000000	-26.181873	1906	0.000000
281474976710655.000000	-25.540567	1907	0.000000
281474976710655.000000	-27.986931	1908	0.000000
281474976710655.000000	-26.915762	1909	0.000000
281474976710655.000000	-26.134348	1910	0.000000
281474976710655.000000	-24.539600	1911	0.000000
281474976710655.000000	-27.899769	1912	0.000000
281474976710655.000000	-24.322809	1913	0.000000
281474976710655.000000	-27.842558	1914	0.000000
281474976710655.000000	-26.821526	1915	0.000000
281474976710655.000000	-25.515415	1916	0.000000
281474976710655.000000	-25.604166	1917	0.000000
281474976710655.000000	-25.389647	1918	0.000000
281474976710655.000000	-26.084892	1919	0.000000
281474976710655.000000	-24.631327	1920	0.000000
281474976710655.000000	-25.107540	1921	0.000000
281474976710655.000000	-23.580732	1922	0.000000
281474976710655.000000	-26.040928	1923	0.000000
281474976710655.000000	-25.083242	1924	0.000000
281474976710655.000000	-22.970053	1925	0.000000
281474976710655.000000	-23.941151	1926	0.000000
281474976710655.000000	-27.635010	1927	0.000000
281474976710655.000000	-25.518847	1928	0.000000
281474976710655.000000	-26.296764	1929	0.000000
281474976710655.000000	-25.115654	1930	0.000000
281474976710655.000000	-26.391590	1931	0.000000
281474976710655.000000	-23.171963	1932	0.000000
281474976710655.000000	-23.618446	1933	0.000000
281474976710655.000000	-22.505796	1934	0.000000
281474976710655.000000	-24.489548	1935	0.000000
281474976710655.000000	-25.514341	1936	0.000000
281474976710655.000000	-25.678019	1937	0.000000
281474976710655.000000	-26.936157	1938	0.000000
281474976710655.000000	-25.520926	1939	0.000000
281474976710655.000000	-23.736273	1940	0.000000
281474976710655.000000	-24.757492	1941	0.000000
281474976710655.000000	-25.899719	1942	0.000000
281474976710655.000000	-25.712191	1943	0.000000
281474976710655.000000	-23.869686	1944	0.000000
281474976710655.000000	-26.244642	1945	0.000000
281474976710655.000000	-25.838526	1946	0.000000
281474976710655.000000	-25.553890	1947	0.000000
281474976710655.000000	-25.027510	1948	0.000000
281474976710655.000000	-25.252544	1949	0.000000
281474976710655.000000	-22.736916	1950	0.000000
281474976710655.000000	-26.096998	1951	0.000000
281474976710655.000000	-24.815681	1952	0.000000
281474976710655.000000	-24.525761	1953	0.000000
281474976710655.000000	-25.113827	1954	0.000000
281474976710655.000000	-25.489367	1955	0.000000
281474976710655.000000	-22.911779	1956	0.000000
281474976710655.000000	-25.784801	1957	0.000000
281474976710655.000000	-22.831591	1958	0.000000
281474976710655.000000	-23.428339	1959	0.000000
281474976710655.000000	-24.439943	1960	0.000000
281474976710655.000000	-24.731062	1961	0.000000
281474976710655.000000	-22.485767	1962	0.000000
281474976710655.000000	-22.768806	1963	0.000000
281474976710655.000000	-23.996037	1964	0.000000
281474976710655.000000	-23.942228	1965	0.000000
281474976710655.000000	-23.984261	1966	0.000000
281474976710655.000000	-25.020597	1967	0.000000
281474976710655.000000	-25.994127	1968	0.000000
281474976710655.000000	-24.681946	1969	0.000000
281474976710655.000000	-22.316296	1970	0.000000
281474976710655.000000	-25.825596	1971	0.000000
281474976710655.000000	-23.049936	1972	0.000000
281474976710655.000000	-24.231594	1973	0.000000
281474976710655.000000	-20.685829	1974	0.000000
281474976710655.000000	-23.532167	1975	0.000000
281474976710655.000000	-24.863783	1976	0.000000
281474976710655.000000	-23.343912	1977	0.000000
281474976710655.000000	-24.595629	1978	0.000000
281474976710655.000000	-20.557753	1979	0.000000
281474976710655.000000	-23.690039	1980	0.000000
281474976710655.000000	-23.987909	1981	0.000000
281474976710655.000000	-23.231966	1982	0.000000
281474976710655.000000	-23.076561	1983	0.000000
281474976710655.000000	-22.277046	1984	0.000000
281474976710655.000000	-23.734207	1985	0.000000
281474976710655.000000	-24.139677	1986	0.000000
281474976710655.000000	-23.407564	1987	0.000000
281474976710655.000000	-23.632469	1988	0.000000
281474976710655.000000	-22.301596	1989	0.000000
281474976710655.000000	-25.091349	1990	0.000000
281474976710655.000000	-23.485939	1991	0.000000
281474976710655.000000	-23.816038	1992	0.000000
281474976710655.000000	-22.239866	1993	0.000000
281474976710655.000000	-24.558239	1994	0.000000
281474976710655.000000	-23.351637	1995	0.000000
281474976710655.000000	-22.430941	1996	0.000000
281474976710655.000000	-22.449015	1997	0.000000
281474976710655.000000	-24.668594	1998	0.000000
281474976710655.000000	-24.178373	1999	0.000000
281474976710655.000000	-23.547684	2000	0.000000
281474976710655.000000	-23.482647	2001	0.000000
281474976710655.000000	-22.973909	2002	0.000000
281474976710655.000000	-23.431217	2003	0.000000
281474976710655.000000	-23.085180	2004	0.000000
281474976710655.000000	-21.467047	2005	0.000000
281474976710655.000000	-24.287634	2006	0.000000
281474976710655.000000	-24.608736	2007	0.000000
281474976710655.000000	-21.760979	2008	0.000000
281474976710655.000000	-23.703993	2009	0.000000
281474976710655.000000	-23.937555	2010	0.000000
281474976710655.000000	-23.434057	2011	0.000000
281474976710655.000000	-24.820509	2012	0.000000
281474976710655.000000	-21.541298	2013	0.000000
281474976710655.000000	-22.536606	2014	0.000000
281474976710655.000000	-22.371941	2015	0.000000
281474976710655.000000	-23.191256	2016	0.000000
281474976710655.000000	-22.878973	2017	0.000000
281474976710655.000000	-23.318705	2018	0.000000
281474976710655.000000	-20.964382	2019	0.000000
281474976710655.000000	-22.234686	2020	0.000000
281474976710655.000000	-22.200781	2021	0.000000
281474976710655.000000	-21.845043	2022	0.000000
281474976710655.000000	-22.297617	2023	0.000000
281474976710655.000000	-22.386089	2024	0.000000
281474976710655.000000	-23.287336	2025	0.000000
281474976710655.000000	-20.949244	2026	0.000000
281474976710655.000000	-22.236881	2027	0.000000
281474976710655.000000	-22.007200	2028	0.000000
281474976710655.000000	-22.804388	2029	0.000000
281474976710655.000000	-22.459244	2030	0.000000
281474976710655.000000	-23.676357	2031	0.000000
281474976710655.000000	-20.937746	2032	0.000000
281474976710655.000000	-21.774214	2033	0.000000
281474976710655.000000	-21.830412	2034	0.000000
281474976710655.000000	-20.745455	2035	0.000000
281474976710655.000000	-22.674711	2036	0.000000
281474976710655.000000	-22.961239	2037	0.000000
281474976710655.000000	-22.267803	2038	0.000000
281474976710655.000000	-21.752481	2039	0.000000
281474976710655.000000	-22.183969	2040	0.000000
281474976710655.000000	-23.114614	2041	0.000000
281474976710655.000000	-22.736618	2042	0.000000
281474976710655.000000	-21.972239	2043	0.000000
281474976710655.000000	-21.235285	2044	0.000000
281474976710655.000000	-21.514091	2045	0.000000
281474976710655.000000	-22.098839	2046	0.000000
281474976710655.000000	-22.401890	2047	0.000000
281474976710655.000000	-21.356813	2048	0.000000
281474976710655.000000	-23.741024	2049	0.000000
281474976710655.000000	-20.982832	2050	0.000000
281474976710655.000000	-20.009235	2051	0.000000
281474976710655.000000	-20.970701	2052	0.000000
281474976710655.000000	-22.014769	2053	0.000000
281474976710655.000000	-21.582064	2054	0.000000
281474976710655.000000	-23.531797	2055	0.000000
281474976710655.000000	-21.628931	2056	0.000000
281474976710655.000000	-21.746845	2057	0.000000
281474976710655.000000	-23.557043	2058	0.000000
281474976710655.000000	-22.073299	2059	0.000000
281474976710655.000000	-22.608255	2060	0.000000
281474976710655.000000	-20.679590	2061	0.000000
281474976710655.000000	-21.767263	2062	0.000000
281474976710655.000000	-21.942080	2063	0.000000
281474976710655.000000	-20.752064	2064	0.000000
281474976710655.000000	-20.423536	2065	0.000000
281474976710655.000000	-22.297365	2066	0.000000
281474976710655.000000	-22.686255	2067	0.000000
281474976710655.000000	-21.574406	2068	0.000000
281474976710655.000000	-21.207642	2069	0.000000
281474976710655.000000	-23.026022	2070	0.000000
281474976710655.000000	-20.777880	2071	0.000000
281474976710655.000000	-21.957655	2072	0.000000
281474976710655.000000	-21.574020	2073	0.000000
281474976710655.000000	-20.625229	2074	0.000000
281474976710655.000000	-21.219790	2075	0.000000
281474976710655.000000	-21.176720	2076	0.000000
281474976710655.000000	-20.556479	2077	0.000000
281474976710655.000000	-21.068623	2078	0.000000
281474976710655.000000	-21.172070	2079	0.000000
281474976710655.000000	-20.715853	2080	0.000000
281474976710655.000000	-20.948772	2081	0.000000
281474976710655.000000	-20.952002	2082	0.000000
281474976710655.000000	-21.667593	2083	0.000000
281474976710655.000000	-20.208275	2084	0.000000
281474976710655.000000	-22.099058	2085	0.000000
281474976710655.000000	-21.297419	2086	0.000000
281474976710655.000000	-21.562040	2087	0.000000
281474976710655.000000	-21.990828	2088	0.000000
281474976710655.000000	-21.683887	2089	0.000000
281474976710655.000000	-19.744324	2090	0.000000
281474976710655.000000	-20.736336	2091	0.000000
281474976710655.000000	-20.605499	2092	0.000000
281474976710655.000000	-21.836922	2093	0.000000
281474976710655.000000	-20.797159	2094	0.000000
281474976710655.000000	-20.729139	2095	0.000000
281474976710655.000000	-20.614378	2096	0.000000
281474976710655.000000	-21.671375	2097	0.000000
281474976710655.000000	-20.783535	2098	0.000000
281474976710655.000000	-20.768990	2099	0.000000
281474976710655.000000	-20.124674	2100	0.000000
281474976710655.000000	-20.748268	2101	0.000000
281474976710655.000000	-20.888514	2102	0.000000
281474976710655.000000	-20.695454	2103	0.000000
281474976710655.000000	-20.449181	2104	0.000000
281474976710655.000000	-20.927708	2105	0.000000
281474976710655.000000	-20.724787	2106	0.000000
281474976710655.000000	-19.406813	2107	0.000000
281474976710655.000000	-20.657398	2108	0.000000
281474976710655.000000	-20.137613	2109	0.000000
281474976710655.000000	-20.776756	2110	0.000000
281474976710655.000000	-20.153576	2111	0.000000
281474976710655.000000	-21.229633	2112	0.000000
281474976710655.000000	-21.412575	2113	0.000000
281474976710655.000000	-20.103794	2114	0.000000
281474976710655.000000	-20.413137	2115	0.000000
281474976710655.000000	-20.897348	2116	0.000000
281474976710655.000000	-20.742992	2117	0.000000
281474976710655.000000	-18.455523	2118	0.000000
281474976710655.000000	-19.925169	2119	0.000000
281474976710655.000000	-21.335573	2120	0.000000
281474976710655.000000	-19.625971	2121	0.000000
281474976710655.000000	-20.376726	2122	0.000000
281474976710655.000000	-20.664463	2123	0.000000
281474976710655.000000	-19.392906	2124	0.000000
281474976710655.000000	-19.255285	2125	0.000000
281474976710655.000000	-20.309595	2126	0.000000
281474976710655.000000	-19.369175	2127	0.000000
281474976710655.000000	-19.813208	2128	0.000000
281474976710655.000000	-19.102835	2129	0.000000
281474976710655.000000	-20.471933	2130	0.000000
281474976710655.000000	-20.117336	2131	0.000000
281474976710655.000000	-18.870991	2132	0.000000
281474976710655.000000	-19.892086	2133	0.000000
281474976710655.000000	-19.051567	2134	0.000000
281474976710655.000000	-20.056835	2135	0.000000
281474976710655.000000	-19.219242	2136	0.000000
281474976710655.000000	-20.860672	2137	0.000000
281474976710655.000000	-19.790636	2138	0.000000
281474976710655.000000	-18.222649	2139	0.000000
281474976710655.000000	-20.795652	2140	0.000000
281474976710655.000000	-19.442038	2141	0.000000
281474976710655.000000	-19.810257	2142	0.000000
281474976710655.000000	-19.647507	2143	0.000000
281474976710655.000000	-20.024628	2144	0.000000
281474976710655.000000	-19.754316	2145	0.000000
281474976710655.000000	-20.489958	2146	0.000000
281474976710655.000000	-19.790976	2147	0.000000
281474976710655.000000	-19.337069	2148	0.000000
281474976710655.000000	-20.350300	2149	0.000000
281474976710655.000000	-19.652287	2150	0.000000
281474976710655.000000	-19.024817	2151	0.000000
281474976710655.000000	-19.192757	2152	0.000000
281474976710655.000000	-17.696394	2153	0.000000
281474976710655.000000	-19.335386	2154	0.000000
281474976710655.000000	-18.527744	2155	0.000000
281474976710655.000000	-20.130356	2156	0.000000
281474976710655.000000	-19.467291	2157	0.000000
281474976710655.000000	-18.319889	2158	0.000000
281474976710655.000000	-20.632732	2159	0.000000
281474976710655.000000	-19.124548	2160	0.000000
281474976710655.000000	-18.807817	2161	0.000000
281474976710655.000000	-19.974070	2162	0.000000
281474976710655.000000	-19.945652	2163	0.000000
281474976710655.000000	-19.110825	2164	0.000000
281474976710655.000000	-18.763550	2165	0.000000
281474976710655.000000	-17.975367	2166	0.000000
281474976710655.000000	-19.996239	2167	0.000000
281474976710655.000000	-18.851267	2168	0.000000
281474976710655.000000	-18.790993	2169	0.000000
281474976710655.000000	-19.050892	2170	0.000000
281474976710655.000000	-18.565369	2171	0.000000
281474976710655.000000	-17.769270	2172	0.000000
281474976710655.000000	-19.366686	2173	0.000000
281474976710655.000000	-18.496870	2174	0.000000
281474976710655.000000	-18.702517	2175	0.000000
281474976710655.000000	-19.351273	2176	0.000000
281474976710655.000000	-18.613272	2177	0.000000
281474976710655.000000	-18.401432	2178	0.000000
281474976710655.000000	-18.941757	2179	0.000000
281474976710655.000000	-19.417376	2180	0.000000
281474976710655.000000	-18.921459	2181	0.000000
281474976710655.000000	-18.395931	2182	0.000000
281474976710655.000000	-19.331198	2183	0.000000
281474976710655.000000	-18.543716	2184	0.000000
281474976710655.000000	-18.044744	2185	0.000000
281474976710655.000000	-18.817753	2186	0.000000
281474976710655.000000	-18.540220	2187	0.000000
281474976710655.000000	-18.684515	2188	0.000000
281474976710655.000000	-18.906050	2189	0.000000
281474976710655.000000	-18.869074	2190	0.000000
281474976710655.000000	-18.699179	2191	0.000000
281474976710655.000000	-18.816082	2192	0.000000
281474976710655.000000	-19.272482	2193	0.000000
281474976710655.000000	-18.687071	2194	0.000000
281474976710655.000000	-18.605686	2195	0.000000
281474976710655.000000	-18.381884	2196	0.000000
281474976710655.000000	-18.142454	2197	0.000000
281474976710655.000000	-18.031908	2198	0.000000
281474976710655.000000	-17.458248	2199	0.000000
281474976710655.000000	-18.427725	2200	0.000000
281474976710655.000000	-17.913681	2201	0.000000
281474976710655.000000	-18.296169	2202	0.000000
281474976710655.000000	-18.084606	2203	0.000000
281474976710655.000000	-17.014812	2204	0.000000
281474976710655.000000	-17.793344	2205	0.000000
281474976710655.000000	-18.562595	2206	0.000000
281474976710655.000000	-17.857161	2207	0.000000
281474976710655.000000	-18.226959	2208	0.000000
281474976710655.000000	-18.267298	2209	0.000000
281474976710655.000000	-17.783018	2210	0.000000
281474976710655.000000	-17.108452	2211	0.000000
281474976710655.000000	-17.658205	2212	0.000000
281474976710655.000000	-17.700718	2213	0.000000
281474976710655.000000	-18.221275	2214	0.000000
281474976710655.000000	-17.732183	2215	0.000000
281474976710655.000000	-17.658823	2216	0.000000
281474976710655.000000	-18.143993	2217	0.000000
281474976710655.000000	-18.512064	2218	0.000000
281474976710655.000000	-17.132294	2219	0.000000
281474976710655.000000	-17.737869	2220	0.000000
281474976710655.000000	-17.331446	2221	0.000000
281474976710655.000000	-17.162817	2222	0.000000
281474976710655.000000	-17.736919	2223	0.000000
281474976710655.000000	-17.780706	2224	0.000000
281474976710655.000000	-18.035122	2225	0.000000
281474976710655.000000	-17.737213	2226	0.000000
281474976710655.000000	-17.705379	2227	0.000000
281474976710655.000000	-17.408186	2228	0.000000
281474976710655.000000	-17.745718	2229	0.000000
281474976710655.000000	-17.342102	2230	0.000000
281474976710655.000000	-17.072525	2231	0.000000
281474976710655.000000	-17.721321	2232	0.000000
281474976710655.000000	-17.197906	2233	0.000000
281474976710655.000000	-16.581820	2234	0.000000
281474976710655.000000	-17.299479	2235	0.000000
281474976710655.000000	-17.456409	2236	0.000000
281474976710655.000000	-17.314848	2237	0.000000
281474976710655.000000	-17.634489	2238	0.000000
281474976710655.000000	-17.366318	2239	0.000000
281474976710655.000000	-17.861765	2240	0.000000
281474976710655.000000	-17.986740	2241	0.000000
281474976710655.000000	-17.139570	2242	0.000000
281474976710655.000000	-17.893478	2243	0.000000
281474976710655.000000	-17.333281	2244	0.000000
281474976710655.000000	-17.824203	2245	0.000000
281474976710655.000000	-17.693281	2246	0.000000
281474976710655.000000	-17.087334	2247	0.000000
281474976710655.000000	-17.546011	2248	0.000000
281474976710655.000000	-17.360336	2249	0.000000
281474976710655.000000	-16.622648	2250	0.000000
281474976710655.000000	-17.060617	2251	0.000000
281474976710655.000000	-16.923838	2252	0.000000
281474976710655.000000	-17.188234	2253	0.000000
281474976710655.000000	-16.980240	2254	0.000000
281474976710655.000000	-16.906132	2255	0.000000
281474976710655.000000	-17.422600	2256	0.000000
281474976710655.000000	-17.667746	2257	0.000000
281474976710655.000000	-17.077917	2258	0.000000
281474976710655.000000	-16.879295	2259	0.000000
281474976710655.000000	-16.757032	2260	0.000000
281474976710655.000000	-16.237938	2261	0.000000
281474976710655.000000	-17.080885	2262	0.000000
281474976710655.000000	-16.841043	2263	0.000000
281474976710655.000000	-17.088432	2264	0.000000
281474976710655.000000	-16.664848	2265	0.000000
281474976710655.000000	-16.341679	2266	0.000000
281474976710655.000000	-16.293888	2267	0.000000
281474976710655.000000	-17.342354	2268	0.000000
281474976710655.000000	-16.382698	2269	0.000000
281474976710655.000000	-16.544828	2270	0.000000
281474976710655.000000	-16.299608	2271	0.000000
281474976710655.000000	-16.692009	2272	0.000000
281474976710655.000000	-16.555050	2273	0.000000
281474976710655.000000	-16.520647	2274	0.000000
281474976710655.000000	-16.336863	2275	0.000000
281474976710655.000000	-16.477262	2276	0.000000
281474976710655.000000	-15.948545	2277	0.000000
281474976710655.000000	-16.568106	2278	0.000000
281474976710655.000000	-16.348190	2279	0.000000
281474976710655.000000	-16.213371	2280	0.000000
281474976710655.000000	-16.186142	2281	0.000000
281474976710655.000000	-15.951198	2282	0.000000
281474976710655.000000	-16.163891	2283	0.000000
281474976710655.000000	-15.563201	2284	0.000000
281474976710655.000000	-16.537722	2285	0.000000
281474976710655.000000	-16.499022	2286	0.000000
281474976710655.000000	-16.183874	2287	0.000000
281474976710655.000000	-16.352579	2288	0.000000
281474976710655.000000	-16.471180	2289	0.000000
281474976710655.000000	-16.897827	2290	0.000000
281474976710655.000000	-16.273996	2291	0.000000
281474976710655.000000	-16.788008	2292	0.000000
281474976710655.000000	-16.132093	2293	0.000000
281474976710655.000000	-16.149336	2294	0.000000
281474976710655.000000	-16.269344	2295	0.000000
281474976710655.000000	-16.191238	2296	0.000000
281474976710655.000000	-16.000374	2297	0.000000
281474976710655.000000	-16.095953	2298	0.000000
281474976710655.000000	-15.981806	2299	0.000000
281474976710655.000000	-16.549294	2300	0.000000
281474976710655.000000	-15.994633	2301	0.000000
281474976710655.000000	-16.164392	2302	0.000000
281474976710655.000000	-15.797078	2303	0.000000
281474976710655.000000	-16.714289	2304	0.000000
281474976710655.000000	-15.970559	2305	0.000000
281474976710655.000000	-15.791216	2306	0.000000
281474976710655.000000	-15.985716	2307	0.000000
281474976710655.000000	-16.077127	2308	0.000000
281474976710655.000000	-16.797033	2309	0.000000
281474976710655.000000	-15.656033	2310	0.000000
281474976710655.000000	-15.993553	2311	0.000000
281474976710655.000000	-16.095297	2312	0.000000
281474976710655.000000	-15.521505	2313	0.000000
281474976710655.000000	-16.145132	2314	0.000000
281474976710655.000000	-15.898429	2315	0.000000
281474976710655.000000	-15.866089	2316	0.000000
281474976710655.000000	-16.233185	2317	0.000000
281474976710655.000000	-15.689450	2318	0.000000
281474976710655.000000	-15.119570	2319	0.000000
281474976710655.000000	-15.790971	2320	0.000000
281474976710655.000000	-15.520972	2321	0.000000
281474976710655.000000	-16.265163	2322	0.000000
281474976710655.000000	-15.616146	2323	0.000000
281474976710655.000000	-15.667418	2324	0.000000
281474976710655.000000	-15.381618	2325	0.000000
281474976710655.000000	-15.671514	2326	0.000000
281474976710655.000000	-15.142770	2327	0.000000
281474976710655.000000	-16.452990	2328	0.000000
281474976710655.000000	-15.724582	2329	0.000000
281474976710655.000000	-15.653160	2330	0.000000
281474976710655.000000	-15.033630	2331	0.000000
281474976710655.000000	-15.558813	2332	0.000000
281474976710655.000000	-15.368551	2333	0.000000
281474976710655.000000	-15.367597	2334	0.000000
281474976710655.000000	-15.314214	2335	0.000000
281474976710655.000000	-15.538777	2336	0.000000
281474976710655.000000	-15.074378	2337	0.000000
281474976710655.000000	-15.649873	2338	0.000000
281474976710655.000000	-15.076912	2339	0.000000
281474976710655.000000	-15.357869	2340	0.000000
281474976710655.000000	-15.007716	2341	0.000000
281474976710655.000000	-15.093491	2342	0.000000
281474976710655.000000	-15.021413	2343	0.000000
281474976710655.000000	-15.339966	2344	0.000000
281474976710655.000000	-14.959512	2345	0.000000
281474976710655.000000	-15.064091	2346	0.000000
281474976710655.000000	-14.858205	2347	0.000000
281474976710655.000000	-15.364940	2348	0.000000
281474976710655.000000	-15.072541	2349	0.000000
281474976710655.000000	-15.475991	2350	0.000000
281474976710655.000000	-15.189788	2351	0.000000
281474976710655.000000	-14.914611	2352	0.000000
281474976710655.000000	-14.857090	2353	0.000000
281474976710655.000000	-15.872813	2354	0.000000
281474976710655.000000	-15.273871	2355	0.000000
281474976710655.000000	-15.215153	2356	0.000000
281474976710655.000000	-15.027456	2357	0.000000
281474976710655.000000	-14.867476	2358	0.000000
281474976710655.000000	-14.849176	2359	0.000000
281474976710655.000000	-14.854405	2360	0.000000
281474976710655.000000	-14.496073	2361	0.000000
281474976710655.000000	-15.523571	2362	0.000000
281474976710655.000000	-14.611814	2363	0.000000
281474976710655.000000	-14.755024	2364	0.000000
281474976710655.000000	-14.863655	2365	0.000000
281474976710655.000000	-14.691246	2366	0.000000
281474976710655.000000	-14.896388	2367	0.000000
281474976710655.000000	-14.585629	2368	0.000000
281474976710655.000000	-14.384899	2369	0.000000
281474976710655.000000	-14.774876	2370	0.000000
281474976710655.000000	-14.598396	2371	0.000000
281474976710655.000000	-14.804888	2372	0.000000
281474976710655.000000	-14.929323	2373	0.000000
281474976710655.000000	-14.619729	2374	0.000000
281474976710655.000000	-14.742258	2375	0.000000
281474976710655.000000	-15.103027	2376	0.000000
281474976710655.000000	-14.811338	2377	0.000000
281474976710655.000000	-14.530184	2378	0.000000
281474976710655.000000	-14.452569	2379	0.000000
281474976710655.000000	-14.633900	2380	0.000000
281474976710655.000000	-14.079790	2381	0.000000
281474976710655.000000	-14.653399	2382	0.000000
281474976710655.000000	-14.471152	2383	0.000000
281474976710655.000000	-14.346962	2384	0.000000
281474976710655.000000	-14.652967	2385	0.000000
281474976710655.000000	-14.298059	2386	0.000000
281474976710655.000000	-14.559155	2387	0.000000
281474976710655.000000	-14.799556	2388	0.000000
281474976710655.000000	-14.255289	2389	0.000000
281474976710655.000000	-14.567025	2390	0.000000
281474976710655.000000	-14.407377	2391	0.000000
281474976710655.000000	-14.358896	2392	0.000000
281474976710655.000000	-14.142179	2393	0.000000
281474976710655.000000	-14.188316	2394	0.000000
281474976710655.000000	-14.044372	2395	0.000000
281474976710655.000000	-14.534869	2396	0.000000
281474976710655.000000	-13.697557	2397	0.000000
281474976710655.000000	-14.292363	2398	0.000000
281474976710655.000000	-13.886545	2399	0.000000
281474976710655.000000	-13.912427	2400	0.000000
281474976710655.000000	-14.257462	2401	0.000000
281474976710655.000000	-14.536766	2402	0.000000
281474976710655.000000	-14.015385	2403	0.000000
281474976710655.000000	-14.168836	2404	0.000000
281474976710655.000000	-14.388629	2405	0.000000
281474976710655.000000	-13.889490	2406	0.000000
281474976710655.000000	-14.333093	2407	0.000000
281474976710655.000000	-13.957538	2408	0.000000
